0	0	0.181701893351134	0.545105680053401	0.908509466755668	0.973403000021195	0.973403000021195	0.389361200008478	0.726807573404535	0.778722400016956	0.419312061510729	0	0.584041800012717	0.209656030755365	0
0	0	0.189659640505198	0.568978921515594	0.94829820252599	1.01603378834329	1.01603378834329	0.406413515337317	0.758638562020792	0.812827030674633	0.43767609340171	0	0.609620273005975	0.218838046700855	0
0	0	0.184354475735822	0.553063427207465	0.921772378679109	0.987613262795227	0.987613262795227	0.395045305118091	0.737417902943287	0.790090610236182	0.42543340547439	0	0.592567957677136	0.212716702737195	0
0.636619772070492	0.212206590690164	0.636619772303919	0.454728408812333	0.606304545083111	1.364185226437	1.66733749897855	0.454728408812333	1.11408460153186	1.364185226437	0.757880681353888	0.795774714066871	0.606304545083111	0.757880681353888	0.606304545083111
0	0.409255567658263	0.954929658414953	0.390653042099138	0.520870722798851	1.0417414455977	1.07429586587029	0.358098621956765	0.83556345123245	1.07429586587029	0.358098621956765	0.954929657596442	0.622780212071643	0.358098621956765	0.358098621956765
0.231272026521411	0.462544053042822	1.38763215990901	0.740070485318108	1.03609867944535	1.48014097063621	1.64460107861625	0.411150269654063	1.0964007190775	1.64460107861625	0.54820035953875	1.23345080742037	0.996248730277297	0.54820035953875	0.54820035953875
2.86478897342595	0.505550995257593	3.68330011102911	1.22776670367637	4.29718346286729	5.52495016654366	3.68330011102911	1.84165005551455	3.37635843511001	3.8526472427225	2.86478897546313	0.954929656110996	4.29718346286729	3.60408935635182	1.94066349957406
0.631938744295029	0	0.909019578813326	0.826381435284841	1.40484843998423	1.37509870825897	0.945380361928043	0.515662015597114	0.687549354129486	0.984771210299038	0.805721899335577	1.07429585297874	0.934170318026233	0.895246554817307	0.28025109540787
0.460886189037418	0.172832320851825	1.51646423599253	1.24885290022915	1.15964912164135	1.78407557175592	1.78407557175592	0.802834007290166	1.60566801458033	1.24885290022915	1.33805667881694	0.691329279388948	1.07044534305355	0.553063427225901	0.446018892938981
0.573795452273047	0.160325199866069	1.36276420022435	1.20243900019796	1.36276420022435	1.68341460027714	1.60325200026394	0.721463400118776	1.44292680023755	1.12227640018476	1.36276420022435	0.545105676928129	1.04211380017156	0.578142387956449	0.400813000065986
0.313336294107724	0.683642823424895	2.58502442725039	2.58502442725039	2.82002664790952	2.11501998593214	1.88001776527301	1.41001332395476	2.58502442725039	1.64501554461389	0.940008882636507	1.50401420890958	1.64501554461389	1.64501554461389	1.17501110329563
1.12166340760257	0	1.35281701628111	1.19366207318921	1.6711269024649	1.88112300788112	1.71754709415233	0.654303654915172	1.22681935296595	1.34599609007169	1.34599609007169	0.981455471276859	1.34599609007169	1.09362182318325	0.588873289406363
0.533637161817745	0.533637161817745	1.70096845408201	0.907183175551229	1.27005644577172	1.81436635110246	1.84796572812256	0.503990653124335	1.22120812098507	2.01596261249734	0.671987537499114	1.74458302816699	0.872291514989338	1.00798130624867	0.671987537499114
0.323283478034181	0	0.574726183259683	0.287363091629841	0.574726183259683	0	0.323283478034181	0.323283478034181	0	0.287363091629841	0.574726183259683	0	0.862089274889524	0.862089274889524	0.287363091629841
0.895246554164524	0.183640318726168	1.31714435662258	1.4817874012004	1.4817874012004	1.61996995641322	1.44944680310657	0.426307883266637	1.10840049649326	1.02313891983993	0.937877343186602	0.795774708562762	1.19366207314658	0.972613541045093	0.68209261322662
0.859720897092035	0.218838046413152	1.37555343672281	1.54749761631316	1.54749761631316	1.78312482531538	1.51565610151807	0.445781206328844	1.06987489518923	0.980718653923458	0.980718653923458	0.802406164734921	1.159031136455	0.980718653923458	0.713249930126151
0.307257459477768	0	0.553063427133724	0.276531713566862	0.553063427133724	0	0.307257459477768	0.307257459477768	0	0.553063427133724	0.829595140700586	0	1.10612685426745	0.829595140700586	0.276531713566862
0	0.318309886077687	0.502594557105849	0.477464829275686	0.716197243913529	1.19366207318921	1.07429586587029	0.238732414637843	0.954929658551372	0.596831036594607	0.358098621956765	0.397887356801335	0.530516476914038	0.125648639276462	0.251297278552924
2.71226548641484	0.47863508578786	3.48719848474747	1.16239949491582	4.06839823220538	5.2307977271212	3.48719848474747	1.74359924237373	3.19659861101851	3.64752944970718	2.71226548834357	0.904088493864346	4.06839823220538	3.41220496932383	1.83734113732822
0	0	0.318309886163896	0.299585775231803	0.748964438079508	1.19834310092721	1.04855021331131	0.299585775231803	0.898757325695409	0.449378662847704	0.449378662847704	0.848826359195585	0.795774715409741	0.159154943081948	0.159154943081948
0	0	0.796769433774124	0.531179622516083	0.796769433774124	1.59353886754825	3.03531212882232	1.85912867880629	1.2647133870093	1.51765606441116	1.3978411118035	0	0.758828032205581	0.8387046670821	0
0.0511569459499747	0.01326291191843	0.0663145595921499	0.0596831036415558	0.0852615765832911	0.0795774715105799	0.0459100797380467	0.0459100797380467	0.0642741116332654	0.0550920956856561	0.0459100797380467	0.0397887357265536	0.0795774715393162	0.0696302875969017	0.027546047842828
0.0426307882916456	0.0110524265986917	0.0552621329934583	0.0497359197012965	0.0710513138194093	0.0663145595921499	0.0382583997817056	0.0382583997817056	0.0535617596943879	0.0459100797380467	0.0382583997817056	0.033157279772128	0.0663145596160968	0.0580252396640847	0.0229550398690234
3.25961565839244	1.41250011841036	4.62272766462968	2.31136383231484	3.85227305385806	5.00795497001548	3.85227305385806	2.31136383231484	4.23750035924387	4.23750035924387	2.21086975275821	1.05937508770426	3.31630462913731	4.40700037421458	2.03400017271442
0.303389110079307	0	0	0.186700990934723	0.202259406829095	0.746803963738893	1.12020594560834	0	0.186700990934723	0.186700990934723	0.186700990934723	0	0.746803963738893	0.373401981869447	0.186700990934723
1.73540101076086	0.752007104003586	2.21178560594333	1.10589280297167	1.990607045349	4.644749772481	3.317678408915	2.21178560594333	2.654142727132	2.87532128772634	2.43296416653767	1.67112689708016	3.19033317694961	3.00802842417899	1.54824992416033
0.469088253027215	0.495148711483845	1.54257867890172	0.636619772299372	0.954929658449058	1.90985931689812	1.78253536256981	0.445633840642452	1.38300157435833	1.78253536256981	0.594178454189937	1.48544613393988	0.922001049572221	0.768334207976851	0.614667366381481
0.225469502538153	0.270563403093884	0.405845104640826	0.405845104640826	0.526095505922358	0.300626003384204	0.126826595276354	0.211377658793924	0.211377658793924	0.211377658793924	0.211377658793924	0.245966730121126	0.422755317587847	0.270563403238185	0.169102127035139
0.225469502538153	0.270563403093884	0.405845104640826	0.405845104640826	0.526095505922358	0.300626003384204	0.126826595276354	0.211377658793924	0.211377658793924	0.211377658793924	0.211377658793924	0.245966730121126	0.422755317587847	0.270563403238185	0.169102127035139
1.39828985616573	0.699144928082865	0.815669083345964	0.407834541672982	2.03917270836491	1.63133816669193	2.03917270836491	0.889820818114704	0.407834541672982	1.63133816669193	0.815669083345964	0	1.22350362501895	1.22350362501895	0.407834541672982
0.508210669815587	0	1.11806347513112	0.223612695026224	0.894450780104896	2.68335234031469	2.90696503534091	1.86343912513468	1.39757934385101	2.01251425523601	2.32929890641835	2.79515865311193	1.70140094025714	1.39757934385101	0.486114554359182
0.477464829025585	0.263862142313921	1.01834295618955	0.783340735530422	0.940008882636507	1.4883473975078	1.56668147106084	0.783340735530422	1.25334517684867	1.09667702974259	1.33167925040172	0.501338068032245	0.970331749787029	0.501338070706048	0.323443916595676
0	0	1.46943917270506	0.734719586352529	1.22453264392088	3.67359793176264	3.18378487419429	2.28287871464825	1.46943917270506	1.89394382266729	2.02922552413178	0	2.28287871464825	0.979626115136705	0.244906528784176
0	0	1.37078612262657	0.913857415084381	1.59925047639767	3.54119748332251	2.83295798665801	1.95376412865331	1.65255882555051	2.28464353771095	2.02354141887762	0	2.44220516081664	1.22110258040832	0.244220516081663
0.887786165880233	0	1.55362579198968	0.665839625138437	1.55362579198968	3.551144667405	3.10725158397937	2.06195496809789	1.55362579198968	2.15220888940769	2.52016718323076	2.36742975323936	2.74927329079719	1.55362579198968	0.458212215132865
0.835563450522222	0	1.12913979896277	1.05386381236525	1.43024374535284	1.54733972446156	1.54733972446156	0.6963028760077	1.16050479334617	1.23787177956925	1.3926057520154	0.696302870282543	1.11408460157961	0.819179854077181	0.318309886165602
0.656514139843747	0	0	0.145892031155413	0	0.159154943062958	0.636619772251832	0	0	0.291784062310826	0.437676093466239	0	0.875352186932478	0.583568124621652	0.145892031155413
0.671434915833216	0	0	0.149207759148652	0	0.162772100874641	0.651088403498564	0	0	0.325544201749282	0.488316302623923	0	0.976632605247845	0.488316302623923	0.162772100874641
1.39026523671304	0.369289203454382	2.4003798250789	0.923223009645731	2.03109062122061	3.87753664051207	2.95431363086634	1.84644601929146	2.21573522314976	2.3276410425779	1.90600879404007	0	2.6684123116561	1.43239448774025	0.716197243870123
1.11010572725189	0.370035242417298	1.20663666078388	0.693816079983413	1.61890418662796	2.08144823995024	2.13481870781917	0.666063436812939	1.33212687362588	2.34830057860109	1.06740935390959	2.31272026410593	1.33212687362588	1.70785496625534	0.640445612345752
0	0.434615421118992	1.80800015352393	1.69500014392869	1.92100016311918	1.69500014392869	1.58200013433344	0.79100006716672	1.80800015352393	1.13000009595246	0.904000076761965	1.41250011252495	1.13000009595246	1.01700008635721	0.678000057571474
0.475254343664532	0.503210481479462	1.3687325103713	0.633672458559682	0.792090573199602	1.90101737567904	1.98588422288375	0.458280974511635	1.5841811463992	1.68036357320933	0.611041299348847	0.987066713153153	0.950508687839522	0.792090573199602	0.633672458559682
1.43239448738632	0.387940173624853	2.32764104257349	0.87286539096506	3.20050643353855	2.90955130321686	2.32764104257349	1.45477565160843	2.61859617289518	2.32764104257349	1.16382052128675	0	2.17246497291471	1.64304073603692	0.82152036801846
0.349572464091372	0.889820817305776	2.89191765913569	2.66946245458679	3.55928327278239	3.55928327278239	2.89191765913569	2.00209684094009	3.55928327278239	2.44700725003789	1.77964163639119	0	2.89191765913569	2.00209684094009	1.33473122729339
0.405539037467712	0.95854681556465	2.89960411945547	2.37240337046356	3.69040524294332	3.69040524294332	2.89960411945547	2.10880299596761	3.69040524294332	2.10880299596761	1.58160224697571	0	2.89960411945547	1.84520262147166	1.31800187247976
0.802406170924912	0	0.991207623520848	0.920407078983645	1.55761197981848	1.4589203116315	1.1671362493052	0.437676093489449	0.802406171397324	0.977932521359002	0.902706942792925	0.802406163130109	0.977932521359002	0.977932521359002	0.376127892830385
0.789143259008797	0	0.974824026437859	0.905193738835155	1.53186632725949	1.43480592631527	1.14784474105222	0.430441777894582	0.789143259473401	0.961768347452241	0.887786166878992	0.789143251342834	0.961768347452241	0.961768347452241	0.369910902866247
0.82893199475714	0	1.02397481768683	0.950833759280625	1.60910328493644	1.50714908226394	1.20571926581115	0.452144724679183	0.828931995245169	1.01026086917252	0.93254849462079	0.828931986704658	1.01026086917252	1.01026086917252	0.388561872758662
1.18247148992279	0.450465329357646	1.57662865490555	0.788314327452775	1.77370723676874	3.35033589167429	2.56202156422152	1.42405168825298	1.62748764371769	2.16786440049513	2.52260584767019	1.57662864317937	2.52260584767019	1.62748764371769	0.610307866394133
1.12166340754915	0	1.39469989604214	1.31721656848424	1.78211653383162	1.98943678859492	1.67112690241974	0.636619772350375	1.35281701624455	1.27323954470075	1.35281701624455	0.736091605543237	1.27323954470075	0.899667525483371	0.636619772350375
1.18229386201127	0	1.55176069514598	1.38841746407798	1.79677554174798	2.01309495581065	1.76145808633431	0.587152695444772	1.34206330387376	1.34206330387376	1.42594226036587	0.775880340978007	1.42594226036587	1.12071605754317	0.671031651936882
0.193517941992629	0	0.532174340936916	0.532174340936916	0.6386092091243	1.38365328643598	1.49008815462337	1.17078355006122	1.38365328643598	1.00833033014054	1.00833033014054	0.425739471408454	0.89629362679159	0.532174340936916	0.532174340936916
1.45449933731721	0	1.3541890415125	0.451396347170835	1.3541890415125	3.61117077736668	2.70837808302501	2.03128356226875	1.80558538868334	2.48267990943959	2.48267990943959	2.18174900209715	2.80510587159393	1.96357411026535	1.12849086792709
0	0.654303654424445	2.02425193245004	2.20827483540005	2.20827483540005	2.02425193245004	1.65620612655003	1.28816032065003	2.39229773835005	1.47218322360003	0.92011451475002	1.47218321918348	1.47218322360003	1.47218322360003	0.92011451475002
0	0	0	0.693460823405786	1.38692164681157	1.63830119520645	1.4562677290724	0.95807087433175	0.728133864536201	0.910167330670251	0.7664566994654	0	1.0922007968043	0.18203346613405	0.18203346613405
0.996812537682831	0	1.13462072333254	1.04734220615312	1.57101330922968	1.53319261840082	1.44300481731842	0.450939005412005	0.81169020974161	1.30616815356065	1.11957270305198	1.35281699666526	1.2561872292693	1.15955744240243	0.483148934334345
0	0	0	0.437676093502712	0.875352187005424	0.875352187005424	0.583568124670283	0.583568124670283	0.583568124670283	0.729460155837854	0.468938671576553	0	0.729460155837854	0.145892031167571	0.145892031167571
0.28136320280525	0	0.196954242056525	0.39390848411305	0.196954242056525	0.7878169682261	0.984771210282625	0	0.437676093405451	0.196954242056525	0.39390848411305	0.656514138503364	0	0.196954242056525	0.196954242056525
0.60346249220475	0.150865623051188	0.47641775728166	0.285850654368996	0.571701308737993	0.857551963106989	0.952835514563321	0.571701308737993	0.666984860194324	0.905193738784866	1.00577082087207	0.905193731141008	0.745453667188309	0.532466905134507	0.425973524107605
0.774071768111257	0.47304385810864	1.12036703360742	1.23240373696816	1.45647714368965	1.56851384705039	1.23240373696816	0.448146813442968	1.12036703360742	0.896293626885937	0.56018351680371	0.709565784167016	0.896293626885937	0.896293626885937	0.784256923525195
0.102313891914566	0.134286983166643	0.223811638611072	0.223811638611072	0.306941675743697	0.153470837871848	0.0895246554891911	0.149207759148652	0.119366207318922	0.119366207318922	0.149207759148652	0.119366207279133	0.268573966467573	0.162772100874641	0.0895246554891911
1.15387333510849	0	0.461549334874187	0.461549334874187	1.15387333718547	2.53852134180803	2.07697200693384	1.84619733949675	1.61542267205965	1.84619733949675	1.31871238543017	1.53849777860616	1.75828318057357	1.80606261500777	1.04897576119213
0.585128466905422	0.585128466905422	1.65786399033334	0.994718394244768	1.59154943079163	1.79049310964058	1.84207110060064	0.552621330180192	1.33904399230819	2.21048532072077	0.736828440240256	1.91291998702521	0.956459994505854	1.28944977042045	0.552621330180192
0.619212200079898	0.619212200079898	1.50764709659234	0.825616267220406	1.44482846763571	1.65123253444081	1.71474147821605	0.571580492738682	1.1888874248489	2.09579514004183	0.571580492738682	1.90526830722367	0.990739520707419	1.33368781639026	0.381053661825788
0.5216745353713	0.5216745353713	1.62521682253933	0.695566047535279	1.04334907130292	1.91280663072202	1.94278792601831	0.485696981504577	1.5091299067639	1.94278792601831	0.647595975339436	1.67681100577874	1.00608660450926	0.83840550375772	0.670724403006176
0.267152939999144	0	0.233758822549342	0	0.20778562007849	0	0.467517645098684	0	0	0.187007058095576	0.374014116191151	0	0.935035290477878	0.748028232382303	0.187007058095576
0.920114513983258	0.220827483275012	1.20451354658184	1.30488967546366	1.5056419332273	1.57733916806778	1.36702727899208	0.315467833613556	0.946403500840668	0.946403500840668	0.841247556302816	0	1.05155944537852	0.946403500840668	0.630935667227112
0.343177845784516	0	0	0	0.137271138361851	0	0.274542276723703	0	0	0.114392615328234	0.228785230656469	0	0.686355691969406	0.571963076641172	0.114392615328234
0.358098621678243	0	0	0	0.134286983189024	0	0.537147932756098	0	0	0.230206256939319	0.230206256939319	0	0.805721899287617	0.690618770817958	0.11510312846966
1.08514733847372	0	1.33501679238267	1.17795599327883	1.64913839059036	1.93566822674101	1.77436254117925	0.645222742247002	1.290445484494	1.32629119235878	1.32629119235878	0.74603878940193	1.4091843918812	1.07761159379151	0.580252396656965
0.330743865968144	0.188996494800128	1.26545479208393	0.805289413144318	0.920330757879221	1.49553748155373	1.84066151575844	0.920330757879221	1.72562017102354	1.26545479208393	1.38049613681883	0	1.15041344734903	0.601352483814202	0.575206723674513
0.328257069983422	0.187575468523435	1.25594009439909	0.799234605526692	0.913410977744791	1.48429283883528	1.82682195548958	0.913410977744791	1.71264558327148	1.25594009439909	1.37011646661719	0	1.14176372218099	0.596831036567479	0.570881861090494
0	0	0.789653371312176	1.18448005696826	1.18448005696826	0.427728909416892	2.76378679959262	1.28318672825068	1.18448005696826	1.28318672825068	0.513274691163398	0	0	0.933226711341919	0
0	0	0.691329283925796	1.03699392588869	1.38265856785159	1.10612685419371	2.76531713570318	1.47483580559161	1.38265856785159	1.47483580559161	0.850866810752425	0	0.368708951397902	0.790090610066877	0
1.0146127615767	0.3382042538589	1.1763626226997	0.450939005389459	1.80375602155783	2.02922552425256	2.08125694812479	0.649352167788959	1.0822536129816	2.28938264293726	1.04062847406239	2.25469502450471	1.29870433557792	1.66500555849983	0.624377084437436
2.19742335761257	0.895246552504587	2.50051623918078	1.11134055074702	2.50051623918078	4.72319734067482	3.33402165224105	2.50051623918078	2.77835137686754	3.33402165224105	2.77835137686754	1.79049310500917	3.45309385396646	3.89865435169712	1.88001776508501
0	0	0.230206256950281	1.38123754170169	1.61144379865197	1.69201598849191	2.17544912806103	1.01775397797865	0.966866279138234	1.27219247247331	0.284372434982946	0	0.763315483483984	0.537147932785939	0
0.209795152123992	0.419590304247985	0.769248891226203	0.673092779822927	0.769248891226203	0.576936668419652	0.320520371504511	0.256416297203609	0.320520371504511	0.512832594407218	0.256416297203609	0.480780557016377	0.576936668708121	0.512832594407218	0.256416297203609
0.209795152123992	0.419590304247985	0.769248891226203	0.673092779822927	0.769248891226203	0.576936668419652	0.320520371504511	0.256416297203609	0.320520371504511	0.512832594407218	0.256416297203609	0.480780557016377	0.576936668708121	0.512832594407218	0.256416297203609
0.213412309919234	0.426824619838467	0.782511803143896	0.684697827750909	0.782511803143896	0.586883852357922	0.326046584806313	0.260837267845051	0.326046584806313	0.521674535690101	0.260837267845051	0.489069876964935	0.586883852651364	0.521674535690101	0.260837267845051
0	0.641040742367982	1.76286204327481	2.08338241477932	2.24364260053158	1.92312222902707	1.60260185752256	1.12182130026579	2.08338241477932	1.28208148601804	0.801300928761279	1.4423416667221	1.28208148601804	1.28208148601804	0.801300928761279
0	0.460886189024615	1.5801812206981	1.71186298908961	1.97522652587263	1.84354475748112	1.5801812206981	0.92177237874056	1.84354475748112	1.05345414713207	0.790090610349052	1.38265856223454	1.18513591552358	1.18513591552358	0.790090610349052
1.18229386206757	0	1.34206330391004	1.17430539092128	1.8453370428763	1.89659640512574	1.7241785501143	0.689671420045722	1.29313391258573	1.33008059576341	1.24140855604585	0.775880341171977	1.33008059576341	1.15273651632828	0.443360198587802
1.45626772827145	0.485422576090485	0.606778220499927	0.285542692017812	1.71325615210687	1.71325615210687	2.2843415361425	0.910167330749891	0.856628076053437	1.99879884412468	1.14217076807125	0	1.14217076807125	1.71325615210687	0.571085384035624
1.16152501710454	0.387175005701513	1.2583187688203	0.314579692205074	2.20205784543552	1.88747815323045	2.20205784543552	1.34220668665217	1.57289846102537	1.88747815323045	1.2583187688203	0	1.2583187688203	1.2583187688203	0.629159384410149
0.395400561546227	0	0.527200748991903	0.527200748991903	0.878667914986506	0.76683745300942	0.670982771383242	0.38341872650471	0.575128089757065	0.527200748886463	0.316320449331878	0	0.632640898663756	0.575128089757065	0.210880299554585
0.262605655944064	0.291784062108198	1.41403045560552	1.41403045560552	2.22204785880868	1.41403045560552	0.984771210381102	0.984771210381102	1.31302828050814	1.14889974544462	0.820642675317585	0.984771209396331	1.14889974544462	1.47715681557165	0.492385605190551
2.70563403093884	0.579778720849205	4.05845104847438	1.10685028594756	4.79635123910608	5.16530133442194	3.68950095315853	1.84475047657926	3.68950095315853	3.68950095315853	2.47036150788419	0	4.25171062199039	3.38204254070278	1.69102127035139
0.853649239987353	0.426824619993676	1.0060866045452	0.335362201515065	2.34753541060546	1.34144880606026	1.67681100757533	1.08347788173456	1.0060866045452	1.34144880606026	1.0060866045452	0	1.0060866045452	1.34144880606026	0.67072440303013
2.44416519364185	0.712881514506685	2.94063625285377	0.801991705323755	2.13864454753001	5.34661136882503	4.27728909506003	2.13864454753001	2.67330568441252	3.11075570560425	2.85152606347056	1.22208259367842	3.47529738973627	3.01926289083041	1.29614821066844
0.237074550429984	0.258626782242192	1.0345071300503	0.646566956281435	1.0345071300503	1.81038747758802	1.81038747758802	1.29313391256287	2.06901426010059	1.35471171785556	1.35471171785556	0	1.35471171785556	0.646566956281435	0.775880347537722
0	0	0.146720963162841	0.293441926325682	0.440162889488523	0.440162889488523	0.293441926325682	0.293441926325682	0.586883852651364	0.293441926325682	0.440162889488523	1.17376769708635	0.293441926325682	0.146720963162841	0
0	0	0.318309886183791	0.318309886183791	0.477464829275686	0.477464829275686	0.318309886183791	0.318309886183791	0.636619772367581	0.318309886183791	0.477464829275686	1.4323944763679	0.477464829275686	0.159154943091895	0
0.481443702532021	0.370341309545057	1.34804236798835	1.54061984912955	1.63690858970014	1.44433110855895	1.44433110855895	0.674021183994177	1.25175362741776	0.962887405705967	0.57773244342358	0.601804625406755	0.86659866513537	0.962887405705967	0.674021183994177
0.417781725365556	0.149207759042075	0.609265016523662	0.348151438013521	0.696302876027042	1.04445431404056	1.47964361155746	0.783340735530422	1.13149217354394	0.870378595033803	1.13149217354394	0	0.90822114260448	0.379801568707496	0.45411057130224
0.570305212492489	0	0	0.197413342873601	0.213864454761912	0.394826685747202	0.789653371494404	0	0	0.394826685747202	0.592240028620803	0	0.987066714368005	0.592240028620803	0.197413342873601
0.152523487044998	0	0.42237273355754	0.316779550168155	0.42237273355754	0.844745467115079	1.05593183389385	0.739152283725695	0.950338650504464	0.739152283725695	0.844745467115079	0	0.527965916946925	0.392203252619313	0.294152439464485
0	0.302394391602446	0.671987537461781	1.00798130619267	1.17597819055812	2.01596261238534	1.8479657280199	1.51197195928901	1.8479657280199	1.24515337816069	1.24515337816069	0.755985976851555	1.24515337816069	0.839984421827226	0.671987537461781
0.208890862599222	0.0464201917196627	0.261113578379584	0.185680766878651	0.278521150132296	0.261113578379584	0.139260575205408	0.17407571900676	0.243706006609465	0.17407571900676	0.17407571900676	0.139260575066148	0.303841254965996	0.227880941224497	0.104445431404056
0.198943678665925	0.0442097063996788	0.248679598456747	0.176838825598715	0.265258238221234	0.248679598456747	0.132629119243246	0.165786399054058	0.232100958675681	0.165786399054058	0.165786399054058	0.132629119110617	0.289372623777139	0.217029467832855	0.0994718394324346
0.198943678665925	0.0442097063996788	0.248679598456747	0.176838825598715	0.265258238221234	0.248679598456747	0.132629119243246	0.165786399054058	0.232100958675681	0.165786399054058	0.165786399054058	0.132629119110617	0.289372623777139	0.217029467832855	0.0994718394324346
0	0.24725857216219	0.346162001190256	0.314692728386248	0.629385456772495	1.25877091354499	0.786731820965619	0.157346364193124	0.944078185158743	0.472039092579371	0.314692728386248	0.432702500773861	0.692324002380512	0.173081000595128	0
0.179049310866476	0.21220659069488	0.31830988604232	0.31830988604232	0.417781725355112	0.238732414488635	0.110184191371312	0.183640318952187	0.183640318952187	0.183640318952187	0.183640318952187	0.15915494302116	0.367280637904374	0.238732414617949	0.146912255161749
0	0.472159664191183	1.07775575584379	0.566591597407147	0.566591597407147	1.41647899351787	1.69977479222144	0.42494369805536	1.32794905636767	1.27483109416608	0.566591597407147	0.885299369989593	0.769825539888422	0.615860431910737	0.615860431910737
0.230540615947175	0.489898808837316	1.09737333248693	0.580620810887817	0.580620810887817	1.5967072299415	1.88701763538541	0.435465608165863	1.50738095128325	1.45155202721954	0.580620810887817	0.979797617103084	0.753690475641624	0.753690475641624	0.602952380513299
0	0.4588967522757	1.04748171775829	0.550676103097958	0.550676103097958	1.37669025774489	1.65202830929387	0.413007077323468	1.29064711658206	1.23902123197041	0.550676103097958	0.860431410158425	0.748201226970208	0.598560981576166	0.598560981576166
2.8846833387328	0.786731819463676	3.09073215335197	0.927219646005591	2.47258572268158	5.87239109136874	3.70887858402236	1.85443929201118	3.09073215335197	3.70887858402236	3.09073215335197	1.08175625058246	4.16676482878703	3.5809862191972	1.54536607667598
2.94436644229279	0.803009029521546	3.15467833583511	1.26187133433405	2.8392105022516	5.99388883808672	3.78561400300214	2.20827483508458	3.47014616941863	3.78561400300214	3.15467833583511	1.10413741438761	4.25297375627917	3.95966522168702	1.89280700150107
0.895246554207311	0.298415518069104	1.56094271085344	0.563673756721166	1.12734751344233	1.87891252240388	1.92426558343695	0.524799704573713	1.4494468030548	1.92426558343695	0.874666174289522	1.95117838631545	1.04959940914743	1.22453264400533	0.874666174289522
0	0	0.839542324557885	1.25931348683683	1.25931348683683	0.839542324557885	2.28966088542846	1.52644059028564	1.04942790592473	1.39923720789964	0.763220295142822	0	0.349809301974911	0.763220295142822	0
0.764689765063324	0.152937953012665	0.786538044655036	0.611751812509473	1.22350362501895	1.17818867590053	1.17818867590053	0.634409287023364	0.725039185169559	1.03527229801332	1.12938796146907	1.2235036091134	1.07668318988747	0.78304231991816	0.39152115995908
0.795774714815278	0	1.1727206333087	1.02613055414511	1.46590079163588	1.58079571850515	1.58079571850515	0.677483879359352	1.20441578552774	1.20441578552774	1.3549677587187	0.696302870108468	1.083137807093	0.875352186930394	0.309467944883715
0.602515141274665	0.150628785318666	0.615067540490554	0.439333957493253	1.05440149798381	1.10024504132657	1.00855795454936	0.550122520663285	0.550122520663285	0.862692134635597	0.958546816261774	1.05440148638539	1.00419190269826	0.803353522158612	0.401676761079306
0.559694882833369	0.279847441416684	1.27756440720809	0.524713952984229	0.699618603978972	1.57414185895269	1.92395116094217	0.524713952984229	1.46007360823781	1.57414185895269	0.699618603978972	1.25931348532565	0.874523254973716	0.874523254973716	0.699618603978972
0.302394391713324	0.377992989496758	2.5637785398064	2.16935107214388	2.76099227363766	2.95820600746892	2.36656480597514	1.57770987065009	2.95820600746892	1.57770987065009	1.77492360448135	0	1.97213733831262	1.18328240298757	0.986068669156308
0.454254733130518	0.170345524889638	1.50373980714411	1.22178859330459	1.12780485535809	1.69170728303713	1.78569102098364	0.751869903572057	1.59772354509062	1.22178859330459	1.3157723312511	0.681382095853539	1.03382111741158	0.486701500062744	0.375934951786029
0	0.323283477973565	0.646566956283885	0.413802852038928	0.413802852038928	1.13795784310705	1.13795784310705	0.206901426019464	0.827605704077856	0.620704278058392	0.206901426019464	0.705345769623187	0.67467856304828	0.112446427174713	0.224892854349427
0.254647908794244	0.282942120832192	1.45513090806088	1.63702227156849	2.00080499858371	1.45513090806088	1.11408460164327	0.954929658551372	1.59154943091895	1.11408460164327	0.954929658551372	0.727565453198937	1.27323954473516	1.43239448782706	0.636619772367581
0.290955130212578	0.33252014874609	0.910816060194379	0.607210706796253	0.910816060194379	1.41682498252459	1.61922855145667	1.01201784466042	1.51802676699063	1.01201784466042	1.31562319805855	0	1.11321962912646	0.529009327866629	0.404807137864168
0.775880346969527	0.129313391161588	0.945604173604581	0.727387825849678	1.01834295618955	1.20136311878394	1.20136311878394	0.60068155939197	0.825937144163959	1.00864445177764	1.24140855603402	1.16382050390218	0.963161810680626	0.642107873787084	0.401317421116927
0.386184788180295	0.136773779134114	0.673347836158019	0.420842397598762	0.673347836158019	1.17835871327653	1.51503263135554	0.757516315677771	1.09419023375678	1.09419023375678	1.26252719279628	0.437676091664473	0.962887405667451	0.547095116832799	0.437676093485205
0	0	0.827778698473245	1.10370493129766	1.10370493129766	1.93148362977091	3.43758098409942	2.20740986259532	1.32214653234593	1.58657583881512	1.5110246081615	0	1.05771722587674	0.865405002904834	0
0.887786166324126	0.1821099827648	1.22755618144027	1.40292135021745	1.57828651899463	1.73004483806219	1.45687986363131	0.455274957384786	1.00160490624653	1.18371488920044	0.819494923292615	1.18371487444953	1.18371488920044	1.09265989772349	0.546329948861743
0	0.370341309687496	0.633478556352164	0.481443702852983	0.601804628566229	1.08324833141921	1.08324833141921	0.240721851426492	1.08324833141921	0.842526479992721	0.361082777139738	1.03166507562616	0.802406171332483	0.253391422540865	0.253391422540865
0.39457162951849	0.197285814759245	0.394571629726736	0.526095506302315	0.131523876575579	0.920667136029052	1.18371488918021	0.131523876575579	0.696302875945124	0.526095506302315	0.394571629726736	0.789143257787504	0.263047753151158	0.263047753151158	0.263047753151158
0.189900784267429	0.189900784267429	0.261113578493821	0.522227156987642	0.130556789246911	0.652783946234553	0.913897524728374	0.130556789246911	0.417781725560521	0.261113578493821	0.391670367740732	0.522227155323043	0.122876978122419	0.130556789246911	0.130556789246911
0.423465830424174	0.228020062506025	1.28880904998159	0.902166334987117	1.03104723998528	1.67545176497607	2.06209447997055	1.03104723998528	1.93321357497239	1.28880904998159	1.41768995497976	0	1.28880904998159	0.773285429988957	0.741065203771638
1.09238165406355	0	1.34391690433189	1.10675509768509	1.73918658207657	1.86738215318653	1.62381056798829	0.649524227195315	1.21785792599122	1.33513313364117	1.2516873127886	0.751012381331276	1.33513313364117	1.16824149193602	0.500674925115439
0	0	0	0.481443702852983	0.962887405705967	1.03166507746842	0.687776718312278	0.687776718312278	0.687776718312278	0.859720897890347	0.555511964744902	0	0.859720897890347	0.171944179578069	0.171944179578069
0.765933162991469	0	1.8923054625287	0.765933163459539	2.29779949037862	1.78717738140559	1.6711269024649	1.04445431404056	1.04445431404056	2.29779949088924	1.25334517684867	2.08890862599222	1.25334517684867	2.08890862808113	0.626672588424338
1.37492186643294	0	1.42780347968851	0.237967246614751	0.951868986459005	3.09357420599176	2.37967246614751	1.66577072630326	1.18983623307376	2.14170521953276	2.61763971276226	2.06238279632668	2.47485936468299	1.83322915918196	0.713901739844253
0.332778517192447	0.36605636885512	1.09816910718765	1.22018789687517	1.34220668656269	1.22018789687517	0.861309103791434	0.645981827843575	1.18430001771322	0.861309103791434	0.753645465817504	0.522937669412031	1.07663637973929	1.07663637973929	0.645981827843575
1.4380785925266	0.774350011283895	2.664675039698	0.888225013232667	3.25682504851978	2.664675039698	2.664675039698	1.77645002646533	2.664675039698	2.07252503087622	0.888225013232667	0	2.07252503087622	1.67775835842706	0.838879179213532
0.256637345581699	0	0.342183127624763	0.320796682169601	0.481195023254402	1.44358506976321	1.76438175193281	0.160398341084801	0.641593364339203	0.320796682169601	0.320796682169601	0.855457815411954	0.684366255249526	0.171091563812381	0.342183127624763
0.254647908794244	0	0.339530545240075	0.318309886183791	0.477464829275686	1.43239448782706	1.75070437401085	0.159154943091895	0.636619772367581	0.318309886183791	0.318309886183791	0.848826359478528	0.679061090480149	0.169765272620037	0.339530545240075
0.989528558578179	0	1.27271600873815	0.97325341844682	1.57217859902948	1.69155895592422	1.61466991247312	0.615112347608809	1.15333565176652	1.34342245359341	1.26439760338203	0.948298191525731	1.30052324915373	1.0566751399374	0.487696218432648
0.943173895152027	0.148213040643168	1.27039749217995	0.93162482759863	1.52447699061594	1.56931454911731	1.56931454911731	0.784657274558656	1.13339384102917	1.43721736480334	1.43721736480334	1.48213038308812	1.29686410647878	1.01896465509047	0.555798902776622
3.83677094597405	0.688651195329076	4.47623277390003	1.11905819347501	4.47623277390003	6.34132976302504	3.73019397825002	2.23811638695001	3.73019397825002	4.65528208506552	3.09893038219897	0.994718392334909	4.84925217172503	3.97887357729738	2.32100958675681
1.93677522443159	0.411564735137242	2.67517078140164	1.02891183900063	2.46938841360152	4.52721209160278	3.29251788480202	1.85204131020114	2.46938841360152	2.59410500023548	2.39455846175583	1.09750595625033	3.08673551700189	2.13045274913053	0.968387613241149
1.76491463376134	0.748751662253572	2.49583887992656	0.74875166397797	1.99667110394125	4.74209387186047	3.74375831988985	1.7470872159486	2.24625499193391	2.74542276791922	2.74542276791922	1.02953353426495	3.34598399828115	3.05918537016843	1.21121592706421
1.74359923975833	0.739708767849157	2.46569589835966	0.739708769507897	1.97255671868773	4.68482220688335	3.69854384753949	1.72598712885176	2.21912630852369	2.71226548819562	2.71226548819562	1.01709955450966	3.3055735636226	3.11112806009169	1.23284794917983
0.930061698073222	0.310020566024407	0.826721509857709	0.587407388617461	1.17481477723492	1.56641970297989	1.76222216585238	0.413360754928855	1.24008226478656	1.56641970297989	0.979012314362435	0.82672150893913	0.783209851489947	1.17481477723492	0.783209851489947
0.298415518041519	0	0	0.160685279083163	0.174075718992254	0.642741116332654	0.964111674498981	0	0.160685279083163	0.160685279083163	0.160685279083163	0	0.482055837249491	0.348151437984508	0
0	0.477464828758432	1.71887338539247	1.60428182636631	1.83346494441863	1.71887338539247	1.71887338539247	0.802140913183153	1.83346494441863	1.03132403123548	0.802140913183153	0.716197240153494	1.14591559026165	0.916732472209317	0.687549354156988
0	0.315969372110341	0.783340735399865	0.516488397013296	0.723083755818614	1.13627447342925	1.15103128486103	0.287757821215257	0.959192737384191	0.959192737384191	0.575515642430514	0.671434915273687	0.619786076415955	0.397887357715002	0.397887357715002
3.0824567631138	0.545851718407865	3.88161222275438	0.970403055688595	4.52854759321344	5.49895064890204	3.55814453752485	1.94080611137719	3.55814453752485	4.05489848285968	3.01159569029883	0.970403053532143	4.52854759321344	3.78457191760603	2.03784641717248
0.125997663197085	0.125997663249584	0.240540993449145	0.220495910686773	0.251995326394171	0.206177994384981	0.125997663281084	0.125997663281084	0.1511971959373	0.125997663281084	0.100798130624867	0.14174737106719	0.302394391874601	0.134997496362947	0.125997663281084
0.125997663197085	0.125997663249584	0.240540993449145	0.220495910686773	0.251995326394171	0.206177994384981	0.125997663281084	0.125997663281084	0.1511971959373	0.125997663281084	0.100798130624867	0.14174737106719	0.302394391874601	0.134997496362947	0.125997663281084
0.0862089274362692	0	0.184733415983245	0.129313391213672	0.172417854872538	0.193970086820509	0.14106915410418	0.07053457705209	0.14106915410418	0.14106915410418	0.09404610273612	0	0.15517606949908	0.14106915410418	0.04702305136806
0.0862089274362692	0	0.184733415983245	0.129313391213672	0.172417854872538	0.193970086820509	0.14106915410418	0.07053457705209	0.14106915410418	0.14106915410418	0.09404610273612	0	0.15517606949908	0.14106915410418	0.04702305136806
0.0862089274362692	0	0.184733415983245	0.129313391213672	0.172417854872538	0.193970086820509	0.14106915410418	0.07053457705209	0.14106915410418	0.14106915410418	0.09404610273612	0	0.15517606949908	0.14106915410418	0.04702305136806
0.462161468936393	0.462161468936393	1.50202477484564	0.474323613143823	1.26486296838353	1.10675509733559	0.841133874240667	0.480647928137524	0.841133874240667	1.32178180237819	0.600809910171905	0.938765484115546	1.12651858152538	0.720971892206286	0.480647928137524
0.426307882916456	0.426307882916456	1.57060799045979	0.596831036415558	1.34286983193501	1.19366207283112	0.803426395415818	0.459100797380467	0.918201594760935	1.3773023921414	0.688651196070701	1.05323124049171	1.19366207314147	0.803426395415818	0.459100797380467
0.434834040574785	0.652251060862177	1.44181813524209	0.456575742857902	1.21753531428774	1.06534340000177	0.819494923324134	0.468282813328077	0.819494923324134	1.28777773665221	0.585353516660096	0.951199463978156	1.09578178314387	0.702424219992115	0.468282813328077
0.856452537042213	0	1.02616433066105	0.947228612917893	1.49977863712	1.46820434997379	1.22350362497816	0.489401449991265	0.815669083318775	1.18131384476441	1.01255472408378	1.22350360727814	1.13611050882444	1.04871739276102	0.436965580317091
0.592852162602314	0.174368283066017	1.65649869078366	1.56931454916347	1.74368283240385	2.00523525726443	1.74368283240385	0.697473132961541	1.48213040754328	1.30776212430289	1.30776212430289	0.592852159578768	1.2205779826827	0.808434767726379	0.523104849721156
0.119366207239344	0.11936620728908	0.227880941162348	0.20889086275589	0.238732414478688	0.195326520996298	0.119366207318922	0.119366207318922	0.143239448782706	0.119366207318922	0.0954929658551372	0.134286983116286	0.286478897565412	0.127892364975424	0.119366207318922
0	0	0	0.235416686656762	0.588541716641905	0.470833373313524	0.588541716641905	0.470833373313524	0.235416686656762	0.470833373313524	0.353125029985143	0	0.706250059970285	0	0.117708343328381
0.552621329934582	0	0	0.191291998908528	0.207232998800303	0.382583997817056	0.765167995634112	0	0	0.382583997817056	0.573875996725584	0	0.95645999454264	0.573875996725584	0.191291998908528
0.668450760618313	0	1.00626996277456	0.934393536862095	1.50940494416185	1.33690152192736	0.965539988058647	0.445633840642452	0.742723067737421	0.922001049572221	0.768334207976851	0.742723060830096	0.845167628774536	0.891267681284905	0.30733368319074
0.537147932469618	0.223811638424562	1.43878910607629	1.34286983233787	1.5347083798147	1.72654692729154	1.63062765355312	0.575515642430514	1.24695055859945	0.959192737384191	0.959192737384191	0	1.15103128486103	0.795774715430004	0.575515642430514
0.898757324955256	0.181891363312727	1.39645627487082	1.47860076162793	1.64288973514214	1.78253536256981	1.52788745363126	0.42441318156424	1.18835690837987	1.10347427206702	1.10347427206702	0.848826355234396	1.35812218100557	0.965905861456613	0.679061090502785
0	0	0.55846332705935	0.55846332705935	1.67538998117805	2.70268671850096	1.93049051321497	1.60379211860236	1.35134335925048	1.73744146189348	2.08492975408684	0	2.08492975408684	0.400948029650591	0.200474014825295
0.431044636750301	0	0	0.344835709986462	0.689671419972923	1.37934283994585	1.03450712995939	1.03450712995939	0.862089274966154	0.738933664196885	0.554200248147664	1.29313390841896	0.738933664196885	0.808208695338018	0.517253564979693
0.611490043996027	0.17085751225598	1.49378282301965	1.32780695379524	1.57677075763185	1.99171043069286	1.74274662685625	0.746891411509823	1.57677075763185	1.24481901918304	1.49378282301965	0.726144422229153	1.24481901918304	0.768858805943381	0.414939673061013
1.79049310620284	0.775880345322937	2.21680099281234	1.10840049640617	1.9951208935311	4.65528208490591	3.3252014892185	2.21680099281234	2.6601611913748	2.88184129065604	2.43848109209357	1.72417854441494	3.19480143071307	3.01731246253241	1.55176069496863
0.977034511432901	0.488517255716451	0.732775883818935	0	2.1983276514568	1.46555176763787	1.46555176763787	0.799391873184348	0.732775883818935	1.46555176763787	1.0991638257284	0	1.0991638257284	1.0991638257284	0.732775883818935
0.937375803982486	0.312458601327495	1.54927389896651	0.84988739604273	1.48730294307478	1.91224664109614	1.96733193544148	0.590199580632445	1.43009898378515	2.36079832252978	0.983665967720742	2.21324842460511	1.2257991289587	1.57386554835319	0.786932774176593
0.580252396157304	0.290126198078652	1.63835970772068	0.580252396528021	1.54733972407472	1.16050479305604	1.05959133308463	0.605480761762645	1.21096152352529	1.66507209484727	0.756850952203307	1.16050479275947	1.26600522908253	1.05959133308463	0.302740380881323
0.587649020466183	0.391766013644122	1.11408460157364	0.159154943081948	1.43239448773753	1.59154943081948	1.27323954465559	0.954929658491689	1.43239448773753	0.954929658491689	0.636619772327793	0	1.27323954465559	0.599171550463606	0.599171550463606
0.371361533633515	0	0	0	0	0	0.139260575170593	0	0	0.139260575170593	0.278521150341187	0	0.696302875852966	0.41778172551178	0.139260575170593
0.364730077736562	0	0	0	0	0	0.156312890492022	0	0	0.156312890492022	0.312625780984044	0	0.625251561968088	0.468938671476066	0.156312890492022
2.21912630415269	0.904088493663438	2.44103893934647	1.0849061952651	2.44103893934647	4.88207787869294	3.2547185857953	2.44103893934647	2.98349203697902	3.2547185857953	2.71226548816275	1.80817698732687	3.64752944945563	3.81412334299903	1.83734113720968
1.2688185714151	0	0.951613930411689	0.475806965205844	1.18951741301461	2.85484179123506	2.37903482602922	1.66532437822045	1.42742089561753	1.90322786082338	1.66532437822045	1.63133816179791	2.5122607764041	2.41563536203107	1.37032405985678
0	0	1.06511384984075	1.59767077476113	1.59767077476113	2.49236640852	3.04622561041333	2.30774667444786	1.93850720662666	2.01927834014188	1.64839048147374	0	1.44234167152991	1.31871238517899	0
0.76394372626814	0.134025215122417	1.01859163578813	0.727565454134379	1.01859163578813	1.27323954469771	1.27323954469771	0.599171550445983	0.898757325668975	1.00315842912448	1.23465652815321	0.848826354102627	1.03450713000033	0.636619772307898	0.397887357692436
0.533169058931314	0	0	0	0	0	0.190417521144827	0	0	0.166615331028501	0.333230662057002	0	0.833076655142505	0.499845993085503	0.166615331028501
0	0	0	0.505316944316768	1.01063388863354	1.08282202345859	0.721881348972391	0.721881348972391	0.721881348972391	0.902351686215488	0.583058012583492	0	0.902351686215488	0.180470337243098	0.180470337243098
0.396078778650931	0	0.635376374374676	0.453840267410483	1.08921664178516	0.871373313370035	0.484096285205575	0.484096285205575	0.58091554224669	0.726144427753038	0.51867459125217	0	0.726144427753038	0.77455405632892	0.207469836500868
0	0	0.469507082121091	0.234753541060546	0.704260623181637	0.704260623181637	0.939014164242183	0.469507082121091	0.469507082121091	0.234753541060546	0.234753541060546	1.17376770060766	0.939014164242183	0.234753541060546	0
0.455761882200397	0	0	0	0.358098621854451	0.179049310927225	0.895246554636126	0	0	0.313336294173002	0.313336294173002	0	1.09667702960551	0.940008882519006	0.156668147086501
1.63702227145156	0.881473530699274	3.22288759740945	1.07429586580315	3.58098621934383	2.50669035354068	2.86478897547507	2.1485917316063	2.86478897547507	2.50669035354068	1.07429586580315	0	1.79049310967192	2.02220398281467	1.01110199140733
0.701276467823345	0.467517645215563	1.40255293589714	0.200364705128164	1.60291764102531	1.40255293589714	1.20218823076898	1.00182352564082	1.40255293589714	1.00182352564082	0.601094115384491	0	1.00182352564082	0.748028232531908	0.561021174398931
0	0	0.465528208543794	0.232764104271897	0.698292312815691	0.698292312815691	0.931056417087588	0.465528208543794	0.465528208543794	0.232764104271897	0.232764104271897	1.1638205167042	0.931056417087588	0.232764104271897	0
0.616725404193289	0.205575134731096	1.07926945773399	0.616725404419422	1.54181351104855	2.15853891546798	1.23345080883884	1.07926945773399	1.54181351104855	1.07926945773399	1.07926945773399	0	1.54181351086011	0.587357528049263	0.440518146036947
1.25334517643089	0.417781725476965	1.56668147106084	1.56668147106084	2.82002664790952	1.56668147106084	2.19335405948518	1.33690152188279	1.25334517684867	2.50669035369735	0.940008882636507	1.00267613927305	1.56668147106084	1.88001776527301	0.940008882636507
0	0.33252014874609	0.735044539651244	0.332520148928184	0.665040297856368	0.997560446784552	0.809614275728337	0.303605353398126	0.910816060194379	1.01201784466042	0.404807137864168	0.846414923701718	0.55420024821364	0.317405596719977	0.211603731146652
0.174628340249627	0.184900595542113	0.754394430195232	0.36268962991662	0.24179308661108	1.32986197636094	1.45075851966648	0.24179308661108	1.00585924026031	0.967172346444319	0.36268962991662	0.785827530533949	0.628662025162694	0.628662025162694	0.502929620130155
0	0	0.86540500293237	0.86540500293237	1.15387333724316	1.51825439101753	3.17315167741869	1.82190526922103	1.44234167155395	1.51825439101753	1.35749804353999	0	0.607301756407011	0.641040742830956	0
0	0	0	0.646999442541096	1.29399888508219	1.86012339721742	1.52191914317789	0.885773046247997	0.885773046247997	0.885773046247997	0.744049358805801	0	1.2400822647472	0.177154609249599	0.177154609249599
0	0.204627783858364	0.286478897536764	0.260435361423101	0.520870722846203	1.04174144569241	0.651088403557754	0.130217680711551	0.781306084269304	0.390653042134652	0.260435361423101	0.358098621330092	0.572957795073528	0.143239448768382	0
0	0	0.766837452869995	1.15025617930499	1.15025617930499	0.766837452869995	2.46027016155217	1.4058686637441	1.29772492049563	1.4058686637441	0.766837452869995	0	0.351467165936024	0.766837452869995	0
0.652783945744965	0	1.00577082085345	1.00577082085345	1.39260575195093	1.52651015111392	1.11905819357492	0.52222715700163	0.820642675288277	0.928403834633952	0.696302875975464	0.522227153756362	0.883769034855426	0.895246554859938	0.309467944877984
2.30774667390938	0.494517144359702	3.11545801086808	1.03848600362269	4.15394401449077	4.15394401449077	3.46162001207564	1.73081000603782	3.46162001207564	3.46162001207564	1.73081000603782	0	3.27942948494306	2.96710286764176	1.31871238561856
0	0	0.509295817860112	0.318309886183791	0.795774715459477	1.27323954473516	0.954929658551372	0.318309886183791	0.795774715459477	0.477464829275686	0.477464829275686	0.636619770457722	0.679061090480149	0.169765272620037	0.169765272620037
0.706250059405286	0	0.794531317367255	0.794531317367255	1.13000009572646	1.13000009572646	0.74779418110102	0.581617696411905	0.74779418110102	0.882812574852505	0.529687544911503	0	0.941666746438714	0.913970665790136	0.353125029941002
0.581527676234596	0.283494742258409	0.755985979476507	0.716197243762751	0.944982474194699	1.00798130596868	0.657379112770872	0.262951645108349	0.525903290216698	0.46016537893961	0.525903290216698	0.549807984626757	0.920330757879221	0.687259981501945	0.525903290216698
0.171091563743945	0	0.366624779604943	0.349960016912293	0.349960016912293	1.28318672867841	1.39984006764917	0.233306677941528	0.583266694853821	0.466613355883057	0.233306677941528	0.513274689726228	0.611041299341572	0.128318672855009	0.256637345710018
0	0	0.373190901017328	1.30616815356065	1.67935905457797	2.31911488480486	2.51237445853859	1.60333868572526	1.35281701613617	1.60333868572526	1.29870433531818	0	1.40292135000961	0.432901445106059	0
0.329362312641011	0	0	0.228020062698965	0.456040125397931	1.14010031349483	1.59614043889276	0.228020062698965	0.456040125397931	0.228020062698965	0.228020062698965	0.98808693506856	1.2351086728498	0.247021734569961	0.247021734569961
0	0	0.106103295394597	0.212206590789194	0.424413181578387	0.424413181578387	0.318309886183791	0.212206590789194	0.424413181578387	0.212206590789194	0.318309886183791	0.954929650911935	0.318309886183791	0.106103295394597	0
0.174075718919723	0.174075718919723	0.232100958675681	0.11605047933784	0.580252396689202	0.464201917351361	0.580252396689202	0.348151438013521	0.348151438013521	0.580252396689202	0.696302876027042	0	0.379801568707496	0.379801568707496	0.253201045804997
0.623356860166209	0	0.863109499075279	0.791183707485672	1.29466424861292	1.27164799525338	0.822831055752186	0.448816939501192	0.59842258600159	0.857115683038052	0.701276467940224	0.935035279444462	0.857115683038052	0.822831055752186	0.311678430195655
0.553425142068174	0	1.3528170161308	0.225469502688466	0.901878010753865	2.93110353495006	2.7056340322616	1.57828651881926	1.12734751344233	1.73933616366576	2.25469502688466	1.52191913342377	1.87313125302413	1.30450212274932	0.450939005376932
0	0	0.804151291327034	0.536100860884689	0.804151291327034	1.34025215221172	2.8011269982773	1.87635301309641	1.2732395446715	1.5278874536058	1.34025215221172	0	0.7639437268029	0.804151291327034	0
0	0	0.932647966369283	0.699485974776962	0.932647966369283	2.33161991592321	2.69033067233911	1.86529593273857	1.12097111347463	1.72712586379522	1.94301659650876	0	1.39897194955392	0.932647966369283	0.242877074563595
0	0	1.39658462549172	0.698292312745861	1.1638205212431	3.25869745948069	3.02593335523207	2.16711407395668	1.39658462549172	2.0273002628825	2.2445110050782	0	2.40790452661853	1.20395226330927	0.249390111675356
0.487412012557442	0	1.36475363687653	0.454917878958842	1.36475363687653	3.41188409219132	3.1844251527119	2.11772116059015	1.59221257635595	1.98109398908461	2.35302351176683	2.27458937227578	2.58832586294351	1.36475363687653	0.470604702353366
0.290457771026526	0.145228885513263	0.414939673061013	0.207469836530506	0.518674591326266	0.518674591326266	0.622409509591519	0.414939673061013	0.414939673061013	0.622409509591519	0.829879346122026	0	0.335143582061961	0.335143582061961	0.335143582061961
1.9610162623962	1.05593183348772	4.44112506590209	2.01869321177368	4.44112506590209	3.22990913883789	3.22990913883789	2.42243185412842	3.63364778119262	3.22990913883789	1.14392615340945	0	2.28785230681889	2.52867886557189	2.16743902763305
1.18281059936647	0.394270199788824	0.578262959900553	0	1.15652591980111	1.44565739975138	1.44565739975138	0.619567456992052	0.619567456992052	1.15652591980111	0.578262959900553	1.08424304683187	0.578262959900553	1.44565739975138	0.578262959900553
1.62636457390712	0.542121524635708	0.722828699875691	0	1.44565739975138	1.80707174968923	1.80707174968923	0.788540399792705	0.722828699875691	1.44565739975138	0.722828699875691	0	0.722828699875691	1.08424304981354	0.361414349937846
0	0	0.763220295073438	1.14483044261016	1.14483044261016	0.419771162236965	2.67127103275703	1.14483044261016	1.04942790583728	1.14483044261016	0.419771162236965	0	0	0.839542324473931	0
1.91483290644147	0.589179355505229	2.47801905851059	0.901097839458396	2.47801905851059	4.50548919729198	3.60439135783358	2.25274459864599	2.47801905851059	2.84489460752378	2.62605656079118	1.27655526590795	3.15384243810438	2.34035133318309	0.875352186930394
2.18285425154383	0.52388502013768	2.61942510476306	0.873141701587688	2.61942510476306	4.80227935873228	3.9291376571446	2.40113967936614	2.61942510476306	2.97340147036088	2.76101565104939	1.1226107540166	3.49256680635075	2.27476390690095	1.06192909655746
0.392913765512545	0	0	0	0	0	0.571510931907895	0	0	0.285755465953947	0.285755465953947	0	0.857266397861842	0.571510931907895	0.142877732976974
0.17683882552012	0.238732414494604	0.477464828989207	0.397887357491006	0.618935889320421	0.35367765104024	0.149207759148652	0.248679598581086	0.198943678864869	0.248679598581086	0.248679598581086	0.331572797997591	0.447623277445956	0.265258238468808	0.149207759148652
0.194522708072132	0.262605655944064	0.525211311888128	0.437676093240106	0.680829478252463	0.389045416144264	0.164128535063517	0.273547558439195	0.218838046751356	0.273547558439195	0.273547558439195	0.36473007779735	0.492385605190551	0.291784062315689	0.164128535063517
0	0	0.642303877294491	0.321151938647245	0.642303877294491	0.321151938647245	0.321151938647245	0.321151938647245	0.281007946361502	0.281007946361502	0.281007946361502	0	0.843023839084505	0.562015892723003	0
0.517253564202245	0	1.26439760335862	0.210732933893103	0.842931735572414	2.73952814061034	2.52879520671724	1.47513053725172	1.09419023363053	1.68586347114483	2.18838046726106	1.42244729499352	1.82073254867997	1.26439760335862	0.437676093452211
1.24481901829388	0.622409509146941	0.726144427856772	0.363072213928386	1.81536106964193	1.45228885571354	1.81536106964193	0.792157557589919	0.363072213928386	1.45228885571354	0.726144427856772	0	1.08921664178516	1.08921664178516	0.363072213928386
1.05724354895315	0	1.56984648403855	0.448527566868158	1.56984648403855	3.58822053494526	3.1396929680771	1.85017621326983	1.6189041866111	2.24263783434079	2.54399229324601	1.85017619910442	2.86478897528447	1.6189041866111	0.477464829214078
1.13856997548916	0	1.38763215990901	0.462544053303003	1.38763215990901	3.70035242642402	3.23780837312102	1.9098593167947	1.67112690219536	2.31272026651501	2.77526431981802	1.85017619864187	3.10352138979139	2.01837405084555	0.693816079954504
0	0	0	0.493380323584876	0.986760647169751	1.0572435504635	0.704829033642334	0.704829033642334	0.704829033642334	0.881036292052918	0.569284988664197	0	0.881036292052918	0.176207258410584	0.176207258410584
0.623356859903014	0	1.00696108217703	0.935035290592959	1.3665900400974	1.34645081839586	0.969666227320264	0.484833113660132	0.761880607180207	0.863109499008885	0.57540633267259	0.467517642527337	0.748028232442145	0.831142480560226	0.215777374752221
0.477464828981862	0.159154942993954	0.591146931484183	0.394097954322788	1.18229386296837	1.03450713004559	0.931056417041035	0.620704278027357	0.517253565022797	0.87116389893762	0.87116389893762	1.0345071202695	0.919561893266579	0.762268411570418	0.344835709974967
0.87325804237392	0.14554300706232	1.08936735669339	0.754177400787731	1.25696233464622	1.38265856806763	1.38265856806763	0.691329284033816	0.950577765546497	1.15964912156653	1.33805667873062	1.38265854667963	1.10612685437806	0.737417902918706	0.460886189324192
0.559884352497028	0	0	0.522558729713878	1.04511745942776	2.09023491885551	1.56767618914163	1.56767618914163	1.56767618914163	1.11976870643376	1.04511745942776	1.56767618537921	1.30639682428469	1.38324369649672	0.979797618287006
0.593988983105984	0	0	0.554389718325891	1.10877943665178	2.21755887330356	1.66316915497767	1.66316915497767	1.66316915497767	1.18797796773937	1.10877943665178	1.66316915098607	1.38597429581473	1.46750219577571	1.03948072193901
0.55455550393467	0	0	0.492938226438575	0.98587645287715	2.71116024541216	1.9717529057543	1.47881467931572	1.72528379253501	1.30483648165962	0.98587645287715	1.47881467586516	1.72528379253501	1.99639981730914	1.16748527321568
0.479951624541569	0	0	0.451719176636988	0.903438353273976	2.03273629486644	1.80687670654795	1.58101711822946	1.58101711822946	1.19987906285377	1.12929794159247	1.53584519622925	1.58101711822946	1.61667915869048	1.06655916712926
0	0.269679208948148	1.45626772929084	1.6180752547676	1.6180752547676	1.6180752547676	1.45626772929084	0.970845152860562	1.77988278024436	1.13265267833732	0.809037627383801	1.21355643773842	1.29446020381408	1.13265267833732	0.970845152860562
0	0.350140874592085	0.799234605491942	0.437676093502712	0.437676093502712	1.09419023375678	1.20360925713246	0.328257070127034	0.875352187005424	0.765933163629746	0.218838046751356	0.656514139597554	0.71619724384842	0.11936620730807	0.35809862192421
0	0	0.295762935873004	1.18305174349201	1.18305174349201	1.26755543935312	1.90133315902968	0.682529851895619	1.26755543935312	1.02379477784343	0	0	0.341264925947809	0.739407339473011	0
0	0	0.309025847774958	1.23610339109983	1.23610339109983	1.32439649035059	2.16318093442471	0.662198245175294	1.23610339109983	0.99329736776294	0	0	0.331099122587647	0.713136571656709	0
0.37136153368303	0.214247038612746	1.39260575199078	0.886203660357772	1.01280418326602	1.64580679780729	2.02560836653205	1.01280418326602	1.8990078436238	1.39260575199078	1.51920627489904	0	1.26600522908253	0.759603137449518	0.605480761762645
0	0	0.183470281609631	0.733881126438524	1.10082168965779	1.16557590662411	1.16557590662411	0.825616267134404	0.971313255520089	1.032020333918	0.660493013655234	0	1.032020333918	0.220164337885078	0.220164337885078
0	0	0.200048921514116	0.800195686056463	1.20029352908469	1.27089903071665	1.27089903071665	0.675165110021056	0.847266020477764	0.900220146694742	0.48011741153252	0	0.900220146694742	0.24005870576626	0
0.324941341983482	0	0.278521150331239	0	0.278521150331239	0	0.324941341983482	0	0	0	0.278521150331239	0	0.835563450993718	0.835563450993718	0.278521150331239
0.344835709860022	0	0.295573465657642	0	0.295573465657642	0	0.344835709860022	0	0	0	0.295573465657642	0	0.886720396972925	0.886720396972925	0.295573465657642
0	0	0.720788251804166	1.20131375300694	1.68183925420972	1.99898608491437	2.88315300721666	1.74911282430007	1.68183925420972	1.49923956368577	1.08640548082214	0	0.999493042457184	0.780853939381934	0
0	0	0	0	0	0	0	0	0	0	0	0	0	0	0
1.25732404891718	0.48358617249678	1.6223536133482	0.811176806674101	1.82514781501673	3.44750142836493	2.4335304200223	1.46687805868361	1.67643206706699	2.23073621835378	2.60136010397079	1.57165505163797	2.60136010397079	1.67643206706699	0.62866202515012
1.63702226911296	0.694494295486739	2.31498099014696	0.694494297044089	2.08348289113227	4.39846388127923	3.47247148522045	1.85198479211757	2.31498099014696	2.77797718817636	2.77797718817636	1.09134817652436	3.10352138980703	2.69627197684832	0.925992396058786
4.50607431637592	1.0013498477275	3.21862451831826	1.2874498073273	3.21862451831826	5.79352413297287	3.86234942198191	2.89676206648643	3.54048697015008	4.18421187381374	2.89676206648643	1.0013498477275	4.00539940040429	4.20566937092296	2.17534622625945
0.258626782395017	0.258626782395017	0.376184410910281	0.564276616365422	0.188092205455141	0.940461027275703	1.12855323273084	0	0.827605703912335	0.376184410910281	0.376184410910281	0.413802851459604	0	0.376184410910281	0.188092205455141
2.22816920194963	0.47746482893464	3.34225380462596	0.911523764897989	3.94993631455795	4.25377756952395	2.73457129469397	1.51920627482998	3.03841254965996	3.03841254965996	2.03441535943404	0	3.5014087475215	2.78521150410817	1.39260575205408
0	0	0.248679598534459	0.746038795603377	0.994718394137836	2.48679598534459	1.98943678827567	1.98943678827567	1.74075718974121	1.32629119207878	0.994718394137836	0.663145594779415	1.74075718974121	1.76838825647837	1.32629119235878
0	0	0.44264968530834	1.32794905592502	0.885299370616681	0.505885354538733	2.65589811185004	0.885299370616681	0.786932774001719	0.885299370616681	0	0	0	0.505885354538733	0
0.573620939292987	0	0.191206980210479	0.382413960420957	0.573620940631436	1.72086282189431	1.72086282189431	1.14724188126287	0.764827920841915	0.956034901052393	0.809817798482922	1.37669025333948	1.14724188126287	1.08686072968419	0.764827920841915
0	0	0	1.07429586587029	1.07429586587029	1.07429586587029	2.14859173174059	0.537147932935147	0	1.93373255817978	1.93373255817978	0	3.22288758149644	0	0.64457751939326
0	0	0	1.45797296082397	0.971981973882647	0.971981973882647	1.94396394776529	0.485990986941323	0	1.70096845401114	1.70096845401114	0	1.70096845004221	0	0.566989484670379
0	0	0	1.58586532580853	1.05724355053902	1.58586532580853	2.64310887634755	0.528621775269509	0	1.85017621313492	1.85017621313492	0	1.85017620881784	0	0.616725404378307
0	0	0	1.90985931710274	1.43239448782706	1.90985931710274	2.86478897565412	0.954929658551372	0	1.90985931710274	2.18269636209132	0	2.54647908522619	1.2732395426131	1.09134818104566
0	0	0	1.14889974544462	0.765933163629746	1.53186632725949	2.29779949088924	0.875352186880374	0	1.31302828032056	1.75070437376075	0	1.53186632572763	1.53186632572763	0.765933163629746
0	0	0	0.630935667257157	0.736091611677334	1.104137417516	1.84022902919333	0.883309933806695	0	1.32496490071004	1.76661986761339	0	1.65620612530788	1.65620612530788	1.104137417516
0	0	0.280510587199465	0.841531761598397	0.935035290560992	1.24671372074799	1.87007058112198	0.801458820226419	0	1.20218823033963	1.60291764045284	0	2.10382940084025	2.10382940084025	1.05191470173502
0	0	0.316779550192522	1.58389775096261	1.7158892300665	1.7158892300665	2.74542276810641	1.2354402453802	0	2.05906707563368	1.83028184474334	0	2.47088048754827	2.47088048754827	1.64725366050694
0	0	0.348151438013521	1.74075719006761	1.89900784353748	1.89900784353748	3.03841254965996	1.25334517659801	0	2.08890862766334	1.85680766878651	0	2.50669035018799	2.50669035018799	1.39260575158988
0	0	0	1.54430030718855	1.54430030718855	2.0590670762514	3.08860061437709	0.514766769062849	0	1.76491463653478	2.05906707556504	0	2.05906707007419	0	0.588304878844927
0	0	0	0.301731246278385	0.60346249255677	0.60346249255677	1.20692498511354	0.301731246278385	0	1.08623248638494	1.44830998184658	0	1.81038746861837	0	0
0	0	0	0.324941342145953	0.649882684291906	0.649882684291906	1.29976536858381	0.324941342145953	0	1.16978883149147	1.55971844198863	0	1.94964804312748	0	0
0	0	0	0.28846833435406	0.865405003062181	0.576936668708121	1.15387333741624	0.34616200115564	0	1.03848600346692	1.15387333626237	0	1.73080999747031	0	0
0	0	0.282500023988114	0.282500023988114	1.13000009595246	0.847500071964343	1.13000009595246	0.706250059793723	0	0.941666745999269	1.41250011782182	0	0	1.41250011429057	0.282500023988114
0	0	0.716197243913529	1.07429586587029	2.14859173174059	1.43239448782706	1.79049310978382	1.25334517663978	0	1.5040142116168	1.25334517590867	0	0	2.50669033865721	0.417781725546595
0	0	0.142102627760621	0.142102627760621	0.426307883281862	0.426307883281862	0.568410511042483	0.331572798052853	0	0.397887357570583	0.596831036355875	0	0	0.497359195918775	0.284205255521242
0	0	0.197135099966098	0.394270199932195	0.650545829823068	0.86739443976409	1.44565739943012	0.271060762351736	0	0.542121524703473	0.929351185023403	0	1.4456573958963	1.4456573958963	0.271060762351736
0	0	0.278521150410817	0.557042300821634	0.618935889733044	0.928403834599567	1.54733972433261	0.397887357559215	0	0.79577471511843	1.19366207267765	0	1.85680766507289	1.85680766507289	0.696302875852966
0	0	0.260616219312979	0.521232438625957	0.579147153964492	0.868720730946737	1.6288513702989	0.372308884573266	0	0.744617769146531	1.1169266537198	0	1.73744145803249	1.73744145803249	0.372308884573266
0	0	0.25862678252433	0.51725356504866	0.574726183323541	0.862089274985312	1.61641739037296	0.431044637253187	0	0.862089274506374	1.29313391175956	0	1.72417854613912	1.72417854613912	0.738933664038542
0	0	0.129313391262165	0.129313391262165	0.25862678252433	0.25862678252433	0.465528208450688	0.310352138967125	0	0.258626782265703	0.387940173592525	0	0	0.387940173010615	0.310352138967125
0	0	0.151694555134463	0.151694555134463	0.303389110268926	0.151694555134463	0.520095617529573	0.20225940677853	0	0.242711288069514	0.485422576139027	0	0.606778218717516	0.606778218717516	0.404518813557061
0	0	0	1.63133816669193	0.815669083345964	0.815669083345964	1.63133816669193	0.815669083345964	0	0.815669083345964	1.63133816669193	0	1.22350362440719	1.22350362440719	0.815669083345964
0	0	0.102787567413516	0.102787567413516	0.205575134827031	0.205575134827031	0.37003524261465	0.2466901617431	0	0.205575134621456	0.308362702086366	0	0	0.308362701623822	0.2466901617431
0	0	0.190417521199232	0.380835042398464	0.761670084796928	0.571252563597696	0.95208760599616	0.444307549390823	0	0.799753588716873	0.999691985546199	0	0.666461322531158	0.666461322531158	0.190417521199232
0	0	0.305046974259466	0.305046974259466	0.514766768998503	0.343177845999002	0.588304878760883	0.457570461160414	0	0.343177845612927	0.549084553227771	0	0	0.686355689681554	0.457570461160414
0	0	0	0	0.127323954473516	0.127323954473516	0.318309886104213	0.159154943052107	0	0.212206590647723	0.212206590647723	0	0	0	0.159154943052107
0	0	0.256637345735681	0.769912037207044	0.855457819023887	1.14061042536518	1.71091563804777	0.733249558930554	0	1.09987433839583	1.46649911786111	0	1.92478009013044	1.92478009013044	0.962390046268207
