0.778722399126988	0.389361199563494	0.545105680053401	0.181701893351134	0.363403786702267	0.389361200008478	0	0.194680600004239	0.181701893351134	0.389361200008478	0.209656030755365	0	0.584041800012717	0	0
0.812827029745688	0.406413514872844	0.568978921515594	0.189659640505198	0.379319281010396	0.406413515337317	0	0.203206757668658	0.189659640505198	0.406413515337317	0.218838046700855	0	0.609620273005975	0	0
0.790090609333221	0.39504530466661	0.553063427207465	0.184354475735822	0.368708951471644	0.395045305118091	0	0.197522652559045	0.184354475735822	0.395045305118091	0.212716702737195	0	0.592567957677136	0	0
0.636619772070492	0.424413181380328	0.47746482922794	0.454728408812333	0.454728408812333	0.606304545083111	1.06103295389544	1.06103295389544	1.11408460153186	1.06103295389544	0.909456817624666	0.795774714066871	0.909456817624666	1.06103295389544	1.06103295389544
0.613883351487394	0.409255567658263	0.409255567892123	0.390653042099138	0.390653042099138	0.651088403498564	0.954929658551372	1.07429586587029	0.954929658551372	0.83556345123245	0.954929658551372	0.954929657596442	0.99644833931463	0.83556345123245	0.954929658551372
0.693816079564233	0.462544053042822	0.462544053303003	0.444042291190865	0.444042291190865	0.740070485318108	1.23345080896219	1.37050089884688	1.23345080896219	1.0964007190775	1.23345080896219	1.23345080742037	1.28089122464224	1.0964007190775	1.23345080896219
2.38732414452162	1.51665298577278	1.53470837959546	1.84165005551455	1.84165005551455	2.14859173143364	1.84165005551455	2.14859173143364	2.14859173143364	2.07450236146596	1.43239448773157	1.90985931222199	1.53470837959546	1.38618821398147	1.10895057118518
1.64304073516707	1.43239448677663	1.15693400939878	1.32221029645575	1.32221029645575	1.46104237752516	1.37509870825897	1.28915503899279	1.37509870825897	1.43239448770769	1.43239448770769	0	1.40125547703935	1.52191914318942	1.40125547703935
0.921772378074836	0.518496962555474	0.624426450114573	0.535222671526777	0.624426450114573	0.802834007290166	0.713630228702369	0.713630228702369	0.713630228702369	0.713630228702369	0.446018892938981	0	0.802834007290166	0.829595140838851	0.802834007290166
1.14759090454609	0.801625999330347	0.721463400118776	0.721463400118776	0.801626000131973	0.961951200158367	0.88178860014517	0.88178860014517	0.801626000131973	0.88178860014517	0.641300800105578	0	0.961951200158367	0.991101236496769	0.88178860014517
1.88001776464634	0.341821411712447	1.64501554461389	1.64501554461389	1.64501554461389	1.64501554461389	1.64501554461389	1.17501110329563	1.64501554461389	1.41001332395476	1.17501110329563	0.75200710445479	1.17501110329563	0.940008882636507	1.17501110329563
1.68249511140385	1.08476658478288	0.954929658551372	1.11408460164327	1.11408460164327	1.14503139610155	1.14503139610155	1.06324343923716	1.14503139610155	1.17774657881273	1.17774657881273	0	1.26187133444221	1.17774657881273	1.17774657881273
0.800455742726617	0.533637161817745	0.566989484694003	0.544309905330737	0.544309905330737	0.907183175551229	1.511971959373	1.67996884374778	1.57012472698081	1.34397507499823	1.511971959373	1.3956664225336	1.57012472698081	1.34397507499823	1.511971959373
0	0	0	0	0	0	0	0	0	0	0	0	0.287363091629841	0.574726183259683	0.574726183259683
1.4920775902742	0.734561274904672	0.905536745178025	0.987858267466937	0.987858267466937	1.02313891983993	1.02313891983993	0.767354189879947	1.10840049649326	0.852615766533275	1.02313891983993	0	0.937877343186602	0.79577471540053	0.937877343186602
1.54749761476566	0.875352185652607	0.859720897951756	0.945692987746932	0.945692987746932	0.980718653923458	0.980718653923458	0.80240617139192	1.06987489518923	0.80240617139192	0.980718653923458	0	0.891562412657689	0.80240617139192	0.980718653923458
0	0	0	0	0	0	0	0	0	0	0	0	0.276531713566862	0.553063427133724	0.553063427133724
0.159154943038844	0.159154943038844	0.125648639276462	0.716197243913529	0.596831036594607	0.835563451232451	1.07429586587029	1.19366207318921	1.07429586587029	0.835563451232451	0.954929658551372	0	0.928403834599567	1.0051891142117	1.0051891142117
2.26022123867904	1.43590525736358	1.45299936864478	1.74359924237373	1.74359924237373	2.03419911610269	1.74359924237373	2.03419911610269	2.03419911610269	1.9640543190731	1.35613274417178	1.80817698772869	1.45299936864478	1.31238652666301	1.04990922133041
0	0.254647908768779	0.159154943081948	0.898757325695409	0.748964438079508	0.898757325695409	0.898757325695409	1.04855021331131	0.898757325695409	0.748964438079508	0.898757325695409	0	0.954929658491689	0.954929658491689	0.954929658491689
1.06235924386357	1.51765606123131	0.531179622516083	1.06235924503217	0.796769433774124	1.59353886754825	1.51765606441116	1.32794905629021	1.51765606441116	1.51765606441116	1.1182728894428	0	1.51765606441116	1.6774093341642	1.1182728894428
0	0.01326291191843	0.02652582383686	0.0238732414566223	0.0511569459499747	0.0530516476737199	0.0550920956856561	0.0459100797380467	0.0550920956856561	0.027546047842828	0.0550920956856561	0.0397887357265536	0.0795774715393162	0.0596831036544872	0.0734561275808748
0	0.0110524265986917	0.0221048531973833	0.0198943678805186	0.0426307882916456	0.0442097063947666	0.0459100797380467	0.0382583997817056	0.0459100797380467	0.0229550398690234	0.0459100797380467	0.033157279772128	0.0663145596160968	0.0497359197120726	0.061213439650729
4.56346192174942	1.41250011841036	2.31136383231484	2.69659113770065	2.69659113770065	2.69659113770065	2.31136383231484	2.69659113770065	2.69659113770065	2.69659113770065	1.1054348763791	1.05937508770426	1.84239146063184	2.37300020150016	1.35600011514295
0	0	0	0.56010297280417	0.404518813658191	0.746803963738893	0.56010297280417	0.746803963738893	0.933504954673617	0.746803963738893	0.746803963738893	0	1.12020594560834	1.12020594560834	1.12020594560834
1.73540101076086	2.25602131201076	0.884714242377334	0.884714242377334	0.884714242377334	0.884714242377334	0.884714242377334	0.884714242377334	0.884714242377334	0.884714242377334	0.442357121188667	0.835563448540079	0.455761882421373	0.644577519466927	0.442357121188667
0.703632379540822	0.495148711483845	0.51419289296724	0.477464829224529	0.477464829224529	0.795774715374215	1.33690152192736	1.48544613547484	1.38300157435833	1.18835690837987	1.33690152192736	1.1883569071519	1.38300157435833	1.22933473276296	1.38300157435833
0	0.067640850773471	0.067640850773471	0.067640850773471	0.0751565008460511	0.225469502538153	0.169102127035139	0.211377658793924	0.253653190552708	0.0845510635175694	0.380479785829062	0.245966730121126	0.295928722311493	0.270563403238185	0.465030849346632
0	0.067640850773471	0.067640850773471	0.067640850773471	0.0751565008460511	0.225469502538153	0.169102127035139	0.211377658793924	0.253653190552708	0.0845510635175694	0.380479785829062	0.245966730121126	0.295928722311493	0.270563403238185	0.465030849346632
1.39828985616573	0.699144928082865	0.815669083345964	0.815669083345964	1.22350362501895	0.815669083345964	1.22350362501895	1.33473122717206	1.22350362501895	1.22350362501895	0.815669083345964	0	1.22350362501895	1.22350362501895	1.22350362501895
0.508210669815587	2.09636901105968	0.447225390052448	0.447225390052448	0.223612695026224	0.670838085078672	0.894450780104896	0.698789671925504	0.931719562567339	0.894450780104896	0.46585978128367	0	0.972229108718364	0.931719562567339	0.729171831538773
0.954929658051171	0.791586426941762	0.70500666197738	0.70500666197738	0.783340735530422	0.940008882636507	0.861674809083465	0.861674809083465	0.783340735530422	0.861674809083465	0.70500666197738	0	0.970331749787029	1.0026761414121	0.88947077063811
1.63898984425282	2.13068679595524	0.979626115136705	0.734719586352529	0.734719586352529	1.22453264392088	0.979626115136705	1.01461276206589	1.22453264392088	1.42045786700047	0.760959571549416	0	1.7755723336153	0.979626115136705	0.734719586352529
1.63439883603428	1.93156225984928	0.913857415084381	0.685393061313285	0.913857415084381	1.416478993329	1.1803991611075	1.22110258040832	1.416478993329	1.59925047639767	0.758828032079109	0	1.70954361257164	0.976882064326654	0.73266154824499
1.33167924882035	2.18531979183279	0.887786166851249	0.665839625138437	0.665839625138437	1.10973270856406	0.887786166851249	0.91642443026573	1.10973270856406	1.29132533364462	0.687318322699297	0	1.60374275296503	0.887786166851249	0.687318322699297
1.25334517578333	1.23787177829699	0.828035852572699	0.828035852572699	0.903311839170217	1.08313780712309	1.00577082090001	1.00577082090001	0.928403834676934	1.00577082090001	0.851036848453856	0	1.11408460157961	1.14685179570805	1.0345071300382
0	0	0	0	0	0.159154943062958	0	0	0.145892031155413	0.145892031155413	0.145892031155413	0	0.437676093466239	0.437676093466239	0.437676093466239
0	0	0	0	0	0.162772100874641	0	0	0.162772100874641	0.162772100874641	0.162772100874641	0	0.488316302623923	0.488316302623923	0.488316302623923
2.78053047342608	1.47715681381753	1.47715681543317	1.47715681543317	1.66180141736232	1.84644601929146	1.29251221350402	1.66180141736232	1.66180141736232	1.79049310967531	1.33420615582805	2.36345089073394	1.52480703523205	1.07429586580518	0.895246554837654
0.740070484834595	0.740070484834595	0.723981996470331	0.693816079983413	0.693816079983413	1.15636013330569	1.49437309547342	1.77616916483451	1.55414801923019	1.2808912246915	1.49437309547342	1.85017621128474	1.55414801923019	1.49437309547342	1.70785496625534
1.31833344439898	0.434615421118992	0.904000076761965	0.904000076761965	0.904000076761965	0.904000076761965	0.904000076761965	0.678000057571474	0.904000076761965	0.79100006716672	0.678000057571474	0.706250056262473	0.678000057571474	0.565000047976228	0.678000057571474
0.712881515496798	0.503210481479462	0.513274691389239	0.475254343919761	0.475254343919761	0.633672458559682	1.22208259869769	1.22208259869769	1.10892680247944	1.22208259869769	1.06932227386048	0.987066713153153	1.10892680247944	1.10892680247944	1.10892680247944
1.7904931092329	0.387940173624853	1.16382052128675	1.45477565160843	1.45477565160843	1.74573078193012	1.45477565160843	1.74573078193012	1.74573078193012	1.74573078193012	1.16382052128675	2.32764103515414	1.24140855595126	1.3692006133641	0.82152036801846
1.39828985636549	0	1.11227602274449	1.11227602274449	1.11227602274449	1.11227602274449	1.11227602274449	0.889820818195597	1.11227602274449	0.889820818195597	0.889820818195597	0	0.889820818195597	0.667365613646697	0.667365613646697
1.62215614987085	0	1.31800187247976	1.31800187247976	1.31800187247976	1.31800187247976	1.31800187247976	1.05440149798381	1.31800187247976	1.05440149798381	1.05440149798381	0	1.05440149798381	0.790801123487855	0.527200748991903
1.7194417948391	1.39365282294786	1.13280871259526	1.27440980166966	1.27440980166966	1.31302828046835	1.31302828046835	1.24008226488677	1.31302828046835	1.35406041418939	1.35406041418939	0	1.27883483562331	1.42928599275546	1.27883483562331
1.69102126930456	1.37061723909748	1.11408460164327	1.25334517684867	1.25334517684867	1.29132533368375	1.29132533368375	1.21958503736798	1.29132533368375	1.33167925031849	1.33167925031849	0	1.25769706974524	1.40566143089174	1.25769706974524
1.77628284590816	1.43972399064861	1.17025693449923	1.31653905131163	1.31653905131163	1.35643417403755	1.35643417403755	1.28107671992435	1.35643417403755	1.39882274193118	1.39882274193118	0	1.32111036737945	1.47653511648292	1.32111036737945
1.18247148992279	1.35139598807294	0.788314327452775	0.591235745589581	0.788314327452775	0.985392909315968	0.591235745589581	0.813743821858845	0.813743821858845	0.985392909315968	0.840868615890064	1.57662864317937	0.840868615890064	0.813743821858845	0.406871910929422
1.40207925943644	0.865990130459678	0.852316603136861	0.852316603136861	0.929799930694757	0.875352186981766	0.875352186981766	0.875352186981766	0.875352186981766	0.795774715437969	0.875352186981766	0	0.875352186981766	0.817879568621247	0.875352186981766
1.6256540602655	1.03450712894787	0.898387770873988	1.06173100194198	1.06173100194198	1.09042643439743	1.09042643439743	1.00654747790532	1.09042643439743	1.09042643439743	1.09042643439743	0	1.17430539088954	1.12071605754317	1.17430539088954
0.387035883985258	0.212869736151253	0.31930460456215	0.106434868187383	0.106434868187383	0.31930460456215	0.31930460456215	0.31930460456215	0.212869736374766	0.336110110046846	0.112036703348949	0	0.336110110046846	0.31930460456215	0.31930460456215
0.727249668658606	1.87007057465095	0.225698173585417	0.225698173585417	0.225698173585417	0.225698173585417	0.225698173585417	0.225698173585417	0.225698173585417	0.225698173585417	0	0	0.233758822632827	0.218174901140595	0.225698173585417
1.3383483844826	0.327151827212222	1.10413741770002	1.10413741770002	1.10413741770002	1.10413741770002	1.10413741770002	0.736091611800016	1.10413741770002	0.92011451475002	0.736091611800016	0.736091609591741	0.736091611800016	0.736091611800016	0.736091611800016
0.910167329972456	0.840154458559982	0.866826029257232	0.520095617554339	0.693460823405786	0.910167330670251	0.546100398402151	0.7664566994654	0.728133864536201	0.910167330670251	0.7664566994654	0	1.0922007968043	0.3640669322681	0.546100398402151
1.99362507536566	1.59154942960827	1.3091777576914	1.48373479205025	1.48373479205025	1.53319261840082	1.53319261840082	1.44300481731842	1.53319261840082	1.58606132932364	1.58606132932364	0	1.64270637673677	1.73933616360364	1.5460765898699
0.729460155351547	0.486306770234365	0.583568124670283	0.291784062335141	0.437676093502712	0.583568124670283	0.291784062335141	0.437676093502712	0.437676093502712	0.583568124670283	0.468938671576553	0	0.583568124670283	0.291784062335141	0.291784062335141
0	0	0	0.39390848411305	0.196954242056525	0.590862726169575	0.590862726169575	0.7878169682261	1.09419023351363	0.590862726169575	0.590862726169575	0	0.895246554891911	0.984771210282625	0.984771210282625
0.905193738307125	0.905193738307125	0.666984860194324	0.666984860194324	0.666984860194324	0.857551963106989	0.857551963106989	0.857551963106989	0.666984860194324	0.905193738784866	0.704039574610451	0	0.851947048215211	0.958440429242112	0.851947048215211
1.16110765216689	0.47304385810864	0.784256923525195	0.784256923525195	0.896293626885937	0.784256923525195	0.784256923525195	0.672220220164453	0.896293626885937	0.56018351680371	0.784256923525195	0	0.672220220164453	0.56018351680371	0.784256923525195
0	0	0	0	0	0.0511569459572828	0.0298415518297304	0.0596831036594608	0.0895246554891911	0.0298415518297304	0.149207759148652	0.0795774715194218	0.119366207318922	0.130217680699713	0.238732414637843
1.15387333510849	1.15387333510849	0.461549334874187	0.230774667437093	0.230774667437093	0.230774667437093	0.230774667437093	0.230774667437093	0.230774667437093	0.230774667437093	0	0	0.219785397571696	0.200673623889752	0.209795152238426
0.877692700358133	0.585128466905422	0.621698996375004	0.596831036546861	0.596831036546861	0.994718394244768	1.65786399054058	1.84207110060064	1.72162799011054	1.47365688048051	1.65786399054058	1.53033598962017	1.72162799011054	1.47365688048051	1.65786399054058
0.928818300119846	0.619212200079898	0.646134469968144	0.619212200415304	0.619212200415304	1.03202033402551	1.52421464730315	1.71474147821605	1.58518323313187	1.33368781639026	1.52421464730315	1.52421464577894	1.58518323313187	1.33368781639026	1.52421464730315
0.78251180305695	0.5216745353713	0.541738940846443	0.521674535651459	0.521674535651459	0.869457559419098	1.45709094451373	1.61898993834859	1.5091299067639	1.29519195067887	1.45709094451373	1.34144880462299	1.5091299067639	1.34144880601235	1.5091299067639
0	0	0	0	0	0	0	0	0	0	0	0	0	0.187007058095576	0.187007058095576
1.47218322237321	0.883309933100047	0.903385159936383	1.0037612888182	1.0037612888182	1.05155944537852	1.05155944537852	0.841247556302816	1.15671538991637	0.946403500840668	1.05155944537852	0	1.05155944537852	0.946403500840668	1.15671538991637
0	0	0	0	0	0	0	0	0	0	0	0	0	0.114392615328234	0.114392615328234
0	0	0	0	0	0	0	0	0	0.11510312846966	0.11510312846966	0	0.11510312846966	0.230206256939319	0.230206256939319
1.62772100771059	1.09942559262748	0.942364794623064	1.09942559372691	1.09942559372691	1.12913979893225	1.12913979893225	1.04848695615138	1.12913979893225	1.16050479331393	1.16050479331393	0	1.24339799283635	1.16050479331393	1.16050479331393
0.826859664920361	0.377992989600256	0.690248068409416	0.46016537893961	0.46016537893961	0.690248068409416	0.690248068409416	0.690248068409416	0.575206723674513	0.690248068409416	0.345124034204708	0	0.690248068409416	0.721622980577043	0.690248068409416
0.820642674958554	0.375150937046871	0.685058233308593	0.456705488872395	0.456705488872395	0.685058233308593	0.685058233308593	0.685058233308593	0.570881861090494	0.685058233308593	0.342529116654296	0	0.685058233308593	0.716197243880975	0.685058233308593
2.19974867490616	1.71091563538635	1.18448005696826	1.57930674262435	1.57930674262435	2.99410236591825	2.36896011393653	2.56637345650135	2.36896011393653	2.99410236591825	2.05309876465359	0	2.99410236591825	3.26629348969672	2.3330667783548
1.84354475543274	1.38265856620969	1.03699392588869	1.38265856785159	1.38265856785159	2.58096265978531	2.07398785177739	2.21225370838741	2.07398785177739	2.58096265978531	1.70173362150485	0	2.58096265978531	2.76531713523407	1.97522652516719
1.0146127615767	0.6764085077178	0.941090098159761	0.901878010778917	0.901878010778917	1.12734751347365	1.45687986368735	1.73160578077056	1.51515505817424	1.45687986368735	1.66500555849983	1.80375601960376	1.73160578077056	1.24875416887487	1.66500555849983
2.19742335761257	1.79049310500917	0.833505413060261	0.833505413060261	0.833505413060261	0.833505413060261	0.833505413060261	0.833505413060261	0.833505413060261	0.833505413060261	0.277835137686754	0.895246552504587	0.287757821163872	0.779730870339424	0.268573966440716
1.93373255605268	1.45029941703951	1.15103128475141	0.920825027801126	0.920825027801126	1.45029941870735	0.966866279138234	1.01775397797865	1.20858284892279	1.52663096696797	0.853117304948839	0	1.52663096696797	1.07429586557188	0.805721899178908
0.104897576061996	0.209795152123992	0.192312222806551	0.192312222806551	0.192312222806551	0.384624445613101	0.320520371504511	0.320520371504511	0.448728520106316	0.192312222902707	0.512832594407218	0.384624445613101	0.320520371504511	0.320520371504511	0.576936668708121
0.104897576061996	0.209795152123992	0.192312222806551	0.192312222806551	0.192312222806551	0.384624445613101	0.320520371504511	0.320520371504511	0.448728520106316	0.192312222902707	0.512832594407218	0.384624445613101	0.320520371504511	0.320520371504511	0.576936668708121
0.106706154959617	0.213412309919234	0.195627950785974	0.195627950785974	0.195627950785974	0.391255901571948	0.326046584806313	0.326046584806313	0.456465218728839	0.195627950883788	0.521674535690101	0.391255901571948	0.326046584806313	0.326046584806313	0.586883852651364
1.31121970077495	0.320520371183991	0.961561114513534	0.961561114513534	0.961561114513534	0.961561114513534	0.961561114513534	0.641040743009023	0.961561114513534	0.801300928761279	0.641040743009023	0.721170833361053	0.641040743009023	0.641040743009023	0.641040743009023
1.38265856741951	0.460886189024615	1.05345414713207	1.05345414713207	1.05345414713207	1.05345414713207	1.05345414713207	0.790090610349052	1.05345414713207	0.92177237874056	0.790090610349052	0.691329281117271	0.790090610349052	0.658408841957543	0.790090610349052
1.77344079310135	1.37934283867379	1.00654747793253	1.17430539092128	1.17430539092128	1.20692498508001	1.20692498508001	1.1207160575743	1.20692498508001	1.24140855604585	1.24140855604585	0	1.33008059576341	1.33008059576341	1.15273651632828
0.97084515218097	0.485422576090485	0.910167330749891	0.856628076053437	0.856628076053437	0.571085384035624	1.14217076807125	1.21355644099985	1.14217076807125	1.42771346008906	1.14217076807125	0	1.42771346008906	1.14217076807125	1.42771346008906
1.54870002280605	0.387175005701513	0.943739076615223	1.2583187688203	1.2583187688203	0.943739076615223	0.943739076615223	1.34220668665217	1.2583187688203	1.2583187688203	0.943739076615223	0	1.2583187688203	1.2583187688203	1.2583187688203
0.790801123092454	0.70293433128627	0.615067540490554	0.702934331989204	0.615067540490554	0.76683745300942	0.76683745300942	0.670982771383242	0.76683745300942	0.843521198218341	0.843521198218341	0	0.738081048441048	0.76683745300942	0.738081048441048
1.05042262377626	0.291784062108198	1.01002175400395	1.01002175400395	1.01002175400395	1.21202610480473	1.14889974544462	0.984771210381102	1.47715681557165	0.820642675317585	1.31302828050814	0.656514139597554	0.984771210381102	0.820642675317585	0.820642675317585
2.70563403093884	0.579778720849205	1.47580038126341	1.84475047657926	1.84475047657926	2.21370057189512	1.84475047657926	2.21370057189512	2.21370057189512	2.21370057189512	1.41163514736239	2.31911487942119	1.54607658981469	1.69102127035139	1.01461276221083
0.853649239987353	0.426824619993676	0.67072440303013	0.67072440303013	0.67072440303013	0.335362201515065	0.67072440303013	0.722318587823039	0.67072440303013	0.67072440303013	0.67072440303013	0	0.67072440303013	0.67072440303013	1.0060866045452
2.44416519364185	2.13864454352005	1.33665284220626	1.33665284220626	1.33665284220626	1.33665284220626	1.33665284220626	1.33665284220626	1.33665284220626	1.29614821066844	0.777688926401062	1.22208259367842	0.801991705323755	1.00642096361014	0.518459284267375
0.711223651289952	0.258626782242192	0.646566956281435	0.387940173768861	0.387940173768861	0.646566956281435	0.646566956281435	0.517253565025148	0.517253565025148	0.677355858927783	0.270942343571113	0	0.677355858927783	0.646566956281435	0.646566956281435
0	0	0	0.293441926325682	0.293441926325682	0.293441926325682	0.293441926325682	0.293441926325682	0.293441926325682	0.146720963162841	0.293441926325682	0	0.293441926325682	0.293441926325682	0.293441926325682
0	0	0	0.318309886183791	0.318309886183791	0.318309886183791	0.318309886183791	0.318309886183791	0.318309886183791	0.159154943091895	0.318309886183791	0	0.318309886183791	0.318309886183791	0.318309886183791
1.12336863924138	0.370341309545057	0.770309924564773	0.770309924564773	0.86659866513537	0.770309924564773	0.770309924564773	0.674021183994177	0.86659866513537	0.57773244342358	0.770309924564773	0	0.674021183994177	0.481443702852983	0.57773244342358
0.557042300487408	0.447623277126225	0.435189297516901	0.348151438013521	0.348151438013521	0.522227157020282	0.522227157020282	0.522227157020282	0.348151438013521	0.522227157020282	0.348151438013521	0	0.544932685562688	0.569702353061243	0.45411057130224
0	0	0	0.592240028620803	0.427728909523825	0.789653371494404	0.592240028620803	0.789653371494404	0.987066714368005	0.789653371494404	0.789653371494404	0	1.1844800572416	1.1844800572416	1.1844800572416
0.305046974089995	0.152523487044998	0.316779550168155	0.105593183389385	0.105593183389385	0.316779550168155	0.316779550168155	0.316779550168155	0.21118636677877	0.316779550168155	0.105593183389385	0	0.316779550168155	0.294152439464485	0.294152439464485
1.20957756640978	0.604788783204892	0.839984421827226	0.503990653096336	0.503990653096336	0.671987537461781	0.671987537461781	0.671987537461781	0.503990653096336	0.711516216091824	0.355758108045912	0	0.711516216091824	0.671987537461781	0.671987537461781
0	0.0464201917196627	0.0522227156759168	0.0464201917196627	0.139260575066148	0.15666814702775	0.17407571900676	0.139260575205408	0.17407571900676	0.0696302876027042	0.17407571900676	0.139260575066148	0.265861098095247	0.189900784353748	0.243706006609465
0	0.0442097063996788	0.0497359196913493	0.0442097063996788	0.132629119110617	0.149207759074048	0.165786399054058	0.132629119243246	0.165786399054058	0.0663145596216231	0.165786399054058	0.132629119110617	0.253201045804997	0.180857889860712	0.232100958675681
0	0.0442097063996788	0.0497359196913493	0.0442097063996788	0.132629119110617	0.149207759074048	0.165786399054058	0.132629119243246	0.165786399054058	0.0663145596216231	0.165786399054058	0.132629119110617	0.253201045804997	0.180857889860712	0.232100958675681
0	0.24725857216219	0.173081000595128	0.472039092579371	0.472039092579371	0.472039092579371	0.472039092579371	0.472039092579371	0.314692728386248	0.314692728386248	0.472039092579371	0	0.346162001190256	0.346162001190256	0.346162001190256
0	0.0530516476737199	0.0530516476737199	0.0530516476737199	0.0596831036221588	0.119366207244318	0.0734561275808748	0.0734561275808748	0.146912255161749	0.0367280637904374	0.220368382742624	0.10610329534744	0.146912255161749	0.159154943078632	0.293824510323499
0.663974527838015	0.472159664191183	0.461895323933053	0.566591597407147	0.283295798703574	0.566591597407147	0.991535295462508	0.991535295462508	1.03284926606374	0.991535295462508	0.991535295462508	0.590199579993062	0.923790647866106	0.923790647866106	1.07775575584379
0.691621847841525	0.489898808837316	0.470302856780114	0.580620810887817	0.435465608165863	0.725776013609772	1.16124162177563	1.16124162177563	1.2059047610266	1.16124162177563	1.01608641905368	0.653198411402056	1.05516666589827	1.05516666589827	1.05516666589827
0.645323557954925	0.4588967522757	0.448920736182125	0.550676103097958	0.275338051548979	0.550676103097958	0.963683180421426	0.963683180421426	1.00383664623049	0.963683180421426	0.963683180421426	0.573620940105617	0.897841472364249	0.897841472364249	1.04748171775829
3.605854173416	2.36019545839103	1.54536607667598	1.85443929201118	1.85443929201118	1.85443929201118	1.54536607667598	1.85443929201118	1.85443929201118	1.85443929201118	0.927219646005591	1.08175625058246	1.28208148578062	1.49207759133217	0.927219646005591
3.68045805286598	2.40902708856464	1.57733916791756	1.89280700150107	1.89280700150107	1.89280700150107	1.57733916791756	1.89280700150107	1.89280700150107	1.89280700150107	0.946403500750534	1.10413741438761	1.30860730962436	1.52294816218731	0.946403500750534
0.895246554207311	0.596831036138207	0.585353516570041	0.563673756721166	0.563673756721166	0.939456261201943	1.57439911372114	1.74933234857904	1.63062765343665	1.39946587886324	1.57439911372114	1.56094270905236	1.57439911372114	1.57439911372114	1.74933234857904
1.3992372063838	1.67908464693296	0.839542324557885	1.67908464911577	1.25931348683683	2.51862697367366	2.28966088542846	1.90805073785705	2.09885581184946	2.09885581184946	1.52644059028564	0	2.09885581184946	2.67127103299988	1.90805073785705
1.68231748313931	1.52937953012665	1.04871739287338	1.13611050894616	1.22350362501895	1.35944847219292	1.26881857404673	1.26881857404673	1.26881857404673	1.31761928838059	1.22350362492483	0	1.37032405985678	1.46820434984655	1.27244376986701
1.19366207222292	1.17272063213598	0.806245435399733	0.806245435399733	0.879540474981527	1.05386381233677	0.978587825741287	0.978587825741287	0.903311839145803	0.978587825741287	0.828035852550319	0	1.083137807093	1.11408460154777	1.00577082087207
1.50628785318666	1.50628785318666	0.966534706485156	1.05440149798381	1.05440149798381	1.10024504132657	1.10024504132657	1.10024504132657	1.00855795454936	1.15025617951413	1.15025617951413	0	1.10461109296809	1.20503028323792	1.00419190269826
0.839542324250053	0.559694882833369	0.547527603089181	0.524713952984229	0.524713952984229	0.699618603978972	1.2243325569632	1.2243325569632	1.27756440720809	1.2243325569632	1.04942790596846	0.839542323550434	1.04942790596846	1.04942790596846	1.04942790596846
1.81436635027994	0.377992989496758	1.38049613681883	1.18328240298757	1.18328240298757	1.18328240298757	1.18328240298757	0.986068669156308	1.18328240298757	0.986068669156308	0.986068669156308	0	0.986068669156308	0.788854935325046	0.591641201493785
0.908509466261035	0.511036574668915	0.65788616562555	0.563902427679043	0.563902427679043	0.751869903572057	0.751869903572057	0.751869903572057	0.65788616562555	0.751869903572057	0.469918689732536	0	0.751869903572057	0.778722400100391	0.751869903572057
0.304266802826616	0.323283477973565	0.215522318761295	0.51725356504866	0.413802852038928	0.620704278058392	0.827605704077856	0.931056417087588	0.827605704077856	0.724154991068124	0.724154991068124	0.235115256541062	0.67467856304828	0.787124990222993	0.787124990222993
1.01859163517698	0.282942120832192	0.909456817538051	0.909456817538051	0.909456817538051	1.09134818104566	0.954929658551372	0.795774715459477	1.27323954473516	0.795774715459477	1.11408460164327	0.727565453198937	0.795774715459477	0.636619772367581	0.795774715459477
0.581910260425156	0.33252014874609	0.506008922330211	0.404807137864168	0.404807137864168	0.607210706796253	0.607210706796253	0.607210706796253	0.506008922330211	0.607210706796253	0.404807137864168	0	0.607210706796253	0.634811193439955	0.607210706796253
1.42244730277747	1.29313391161588	0.945604173604581	0.945604173604581	1.01834295618955	1.20136311878394	1.12627792385994	1.12627792385994	1.05119272893595	1.1638205212819	1.00864445177764	0	1.20395226335078	1.28421574757417	1.1236887791274
0.643641313633826	0.68386889567057	0.505010877118514	0.505010877118514	0.505010877118514	0.673347836158019	0.673347836158019	0.673347836158019	0.505010877118514	0.673347836158019	0.505010877118514	0	0.700281749576328	0.729460155777065	0.612746530879287
1.46453154217916	1.90389100369057	1.10370493129766	1.37963116412208	1.37963116412208	2.20740986259532	1.8510051452843	1.93148362977091	1.8510051452843	2.11543445175349	1.5110246081615	0	2.11543445175349	1.73081000580967	1.44234167150806
1.33167924948619	0.910549913824001	0.964508428274495	1.05219101266308	1.05219101266308	1.09265989772349	1.09265989772349	0.910549914769572	1.18371488920044	1.00160490624653	1.09265989772349	0	1.09265989772349	1.00160490624653	1.09265989772349
0.370341309687496	0.370341309687496	0.253391422540865	0.601804628566229	0.481443702852983	0.722165554279475	0.962887405705967	0.962887405705967	0.842526479992721	0.722165554279475	0.842526479992721	0.343888358542053	0.668671809443736	0.760174267622596	0.760174267622596
0.39457162951849	0.197285814759245	0.131523876575579	0.263047753151158	0.131523876575579	0.526095506302315	0.657619382877894	0.657619382877894	0.835563451134149	0.526095506302315	0.526095506302315	0.394571628893752	0.526095506302315	0.657619382877894	0.657619382877894
0.189900784267429	0	0	0.261113578493821	0.130556789246911	0.522227156987642	0.652783946234553	0.783340735481464	0.974824026307882	0.522227156987642	0.522227156987642	0	0.737261868734515	0.913897524728374	0.913897524728374
0.846931660848349	0.228020062506025	0.644404524990798	0.386642714994479	0.386642714994479	0.644404524990798	0.644404524990798	0.644404524990798	0.515523619992638	0.644404524990798	0.257761809996319	0	0.644404524990798	0.644404524990798	0.617554336476365
1.77512018785327	1.42297083845786	1.02770116213615	1.18580903323402	1.18580903323402	1.21785792599122	1.21785792599122	1.1366673975918	1.21785792599122	1.2516873127886	1.2516873127886	0	1.2516873127886	1.33513313364117	1.16824149193602
0.902706942059475	0.534937447257801	0.641924937137311	0.320962468568656	0.481443702852983	0.515832538734208	0.171944179578069	0.343888359156139	0.343888359156139	0.515832538734208	0.370341309829935	0	0.515832538734208	0.171944179578069	0.171944179578069
1.1488997444872	0.765933162991469	1.08131740715925	1.02124421794605	1.02124421794605	1.53186632691908	1.6711269024649	1.88001776527301	2.08890862808113	1.6711269024649	2.08890862808113	2.08890862599222	2.08890862808113	1.6711269024649	2.08890862808113
0.687460933216468	1.76775668378632	0.237967246614751	0.237967246614751	0.237967246614751	0.237967246614751	0.237967246614751	0.237967246614751	0.237967246614751	0.237967246614751	0	0	0.247485936468299	0.229153644897745	0.237967246614751
0.665557034384895	0.36605636885512	0.732112738125103	0.732112738125103	0.732112738125103	0.854131527812621	0.753645465817504	0.538318189869646	0.968972741765363	0.538318189869646	0.861309103791434	0.522937669412031	0.538318189869646	0.430654551895717	0.538318189869646
2.1571178887899	0.774350011283895	1.48037502205444	1.77645002646533	1.77645002646533	1.77645002646533	1.77645002646533	2.07252503087622	2.07252503087622	2.07252503087622	1.48037502205444	2.01331002487787	1.48037502205444	1.67775835842706	1.11850557228471
0	0.285152606151194	0.171091563812381	0.641593364339203	0.481195023254402	0.801991705424004	0.801991705424004	0.962390046508805	0.962390046508805	0.962390046508805	0.962390046508805	0	1.36873251049905	1.36873251049905	1.36873251049905
0	0.282942120832192	0.169765272620037	0.636619772367581	0.477464829275686	0.795774715459477	0.795774715459477	0.954929658551372	0.954929658551372	0.954929658551372	0.954929658551372	0	1.3581221809603	1.3581221809603	1.3581221809603
1.60798390768954	1.28020257234325	0.97325341844682	1.12298471359249	1.12298471359249	1.23022469521762	1.23022469521762	1.15333565176652	1.23022469521762	1.26439760338203	1.18537275317066	0	1.30052324915373	1.38180595222584	1.21924054608162
1.88634779030405	1.63034344707485	1.18570432603462	1.35509065832528	1.35509065832528	1.56931454911731	1.48213040749968	1.39494626588205	1.48213040749968	1.52704345010355	1.43721736480334	0	1.5747635578671	1.66739670832987	1.48213040740432
3.19730912164504	1.37730239065815	1.49207759130001	1.86509698912501	1.86509698912501	1.86509698912501	1.49207759130001	1.86509698912501	1.86509698912501	1.79049310964058	1.03297679406632	1.98943678466982	1.11905819347501	1.32629119243246	0.66314559621623
2.32413026931791	1.64625894054897	1.23469420680076	1.44047657460088	1.44047657460088	1.64625894240101	1.23469420680076	1.44047657460088	1.64625894240101	1.59637230783722	1.19727923087791	2.19501191250066	1.23469420680076	0.968387613241149	0.774710090592919
1.76491463376134	2.24625498676071	0.998335551970626	0.998335551970626	0.998335551970626	0.998335551970626	0.998335551970626	0.998335551970626	0.998335551970626	0.998335551970626	0.499167775985313	1.02953353426495	0.51476676896633	0.705965854654253	0.484486370825683
1.74359923975833	2.21912630354747	0.986278359343863	0.986278359343863	0.986278359343863	0.986278359343863	0.986278359343863	0.986278359343863	0.986278359343863	0.986278359343863	0.493139179671931	1.01709955450966	0.508549779018861	0.717952629251929	0.493139179671931
0.620041132048815	0.620041132048815	0.620041132393282	0.587407388617461	0.587407388617461	0.783209851489947	1.17481477723492	1.24008226478656	1.24008226478656	1.17481477723492	0.979012314362435	0.82672150893913	0.979012314362435	1.17481477723492	1.17481477723492
0	0	0	0.482055837249491	0.348151437984508	0.642741116332654	0.482055837249491	0.642741116332654	0.803426395415818	0.642741116332654	0.642741116332654	0	0.964111674498981	1.04445431395352	1.04445431395352
1.1459155894977	0.238732414379216	0.802140913183153	0.802140913183153	0.802140913183153	0.802140913183153	0.802140913183153	0.687549354156988	0.802140913183153	0.687549354156988	0.687549354156988	0	0.687549354156988	0.458366236104659	0.572957795130823
0.473954058165512	0.473954058165512	0.447623277371352	0.723083755818614	0.516488397013296	0.826381435221273	1.15103128486103	1.24695055859945	1.05511201112261	0.959192737384191	1.24695055859945	0.895246553698249	1.13627447342925	0.994718394287505	1.193662073145
2.5687139692615	1.09170343681573	1.29387074091813	1.61733842614766	1.61733842614766	1.94080611137719	1.61733842614766	1.94080611137719	1.94080611137719	1.8714916074737	1.20463827611953	1.94080610706429	1.29387074091813	1.45560458369463	0.873362750216776
0	0.0314994158123961	0.0343629990641636	0.0314994158123961	0.0839984421313903	0.103088997192491	0.125997663281084	0.100798130624867	0.125997663281084	0.0503990653124335	0.1511971959373	0.0944982473781269	0.1511971959373	0.134997496362947	0.226795793905951
0	0.0314994158123961	0.0343629990641636	0.0314994158123961	0.0839984421313903	0.103088997192491	0.125997663281084	0.100798130624867	0.125997663281084	0.0503990653124335	0.1511971959373	0.0944982473781269	0.1511971959373	0.134997496362947	0.226795793905951
0.0862089274362692	0	0.0738933663932981	0.0969850434102543	0.129313391154404	0.161641739017091	0.16458067978821	0.14106915410418	0.16458067978821	0.11755762842015	0.14106915410418	0.0646566955179333	0.206901425998774	0.14106915410418	0.16458067978821
0.0862089274362692	0	0.0738933663932981	0.0969850434102543	0.129313391154404	0.161641739017091	0.16458067978821	0.14106915410418	0.16458067978821	0.11755762842015	0.14106915410418	0.0646566955179333	0.206901425998774	0.14106915410418	0.16458067978821
0.0862089274362692	0	0.0738933663932981	0.0969850434102543	0.129313391154404	0.161641739017091	0.16458067978821	0.14106915410418	0.16458067978821	0.11755762842015	0.14106915410418	0.0646566955179333	0.206901425998774	0.14106915410418	0.16458067978821
0.462161468936393	0.462161468936393	0.500674924948547	0.474323613143823	0.474323613143823	0.790539355239705	0.841133874240667	1.08145783830943	1.08145783830943	0.841133874240667	1.32178180237819	0.938765484115546	1.12651858152538	0.841133874240667	1.20161982034381
0.639461824374683	0.639461824374683	0.628243196183918	0.596831036415558	0.596831036415558	0.895246554623337	0.918201594760935	1.03297679410605	1.14775199345117	0.918201594760935	1.26252719279628	1.05323124049171	1.07429586582732	0.918201594760935	1.26252719279628
0.434834040574785	0.434834040574785	0.480606045080697	0.456575742857902	0.456575742857902	0.760959571429837	0.819494923324134	1.05363632998817	1.05363632998817	0.819494923324134	1.28777773665221	0.951199463978156	1.09578178314387	0.819494923324134	1.17070703332019
1.83525543651903	1.49539331838759	1.26297148389052	1.42084291937684	1.42084291937684	1.46820434997379	1.46820434997379	1.38663744164192	1.46820434997379	1.51883208612567	1.51883208612567	0	1.48568297307811	1.66046920520495	1.48568297307811
1.48213040650578	0.697473132264068	0.871841416201927	0.871841416201927	0.95902555782212	0.871841416201927	0.871841416201927	0.871841416201927	0.95902555782212	0.784657274581734	0.871841416201927	0	0.871841416201927	0.808434767726379	0.784657274581734
0	0.02984155182227	0.0325544201660497	0.02984155182227	0.079577471492896	0.0976632604981491	0.119366207318922	0.0954929658551372	0.119366207318922	0.0477464829275686	0.143239448782706	0.0895246554108571	0.143239448782706	0.127892364975424	0.214859173174059
0.313888915437719	0.313888915437719	0.235416686656762	0.235416686656762	0.235416686656762	0.353125029985143	0.235416686656762	0.235416686656762	0.353125029985143	0.353125029985143	0.353125029985143	0	0.353125029985143	0.235416686656762	0.235416686656762
0	0	0	0.573875996725584	0.414465997600605	0.765167995634112	0.573875996725584	0.765167995634112	0.95645999454264	0.765167995634112	0.765167995634112	0	1.14775199345117	1.14775199345117	1.14775199345117
1.67112690154578	1.36165895658057	1.1500228145995	1.29377566642444	1.29377566642444	1.33690152192736	1.33690152192736	1.26262921515361	1.33690152192736	1.38300157435833	1.38300157435833	0	1.30616815356065	1.4111738287011	1.30616815356065
1.43239448658565	0.447623276849125	0.767354189907352	0.767354189907352	0.863273463645772	0.767354189907352	0.767354189907352	0.767354189907352	0.863273463645772	0.671434916168933	0.767354189907352	0	0.767354189907352	0.596831036572502	0.671434916168933
1.49792887492543	0.727565453250906	0.90358935432818	0.985733841085287	0.985733841085287	1.01859163575418	1.01859163575418	0.763943726815633	1.10347427206702	0.848826363128481	1.01859163575418	0	0.933708999441329	0.790286613919047	0.933708999441329
1.20284408756387	1.11692665292199	0.744617769412466	0.55846332705935	0.744617769412466	0.965245256607486	0.579147153964492	0.801896059301181	0.772196205285989	0.965245256607486	0.833971901634737	0	1.25095785245211	0.601422044475886	0.601422044475886
0.862089273500603	0.862089273500603	0.344835709986462	0.172417854993231	0.172417854993231	0.172417854993231	0.172417854993231	0.172417854993231	0.172417854993231	0.184733416049221	0	0	0.184733416049221	0.161641739067604	0.172417854993231
1.07010757699305	0.854287561279898	0.663903476897621	0.663903476897621	0.746891411509823	0.912867280734228	0.829879346122026	0.829879346122026	0.746891411509823	0.829879346122026	0.663903476897621	0	0.912867280734228	0.939716318375243	0.912867280734228
1.79049310620284	2.32764103596881	0.886720397124935	0.886720397124935	0.886720397124935	0.886720397124935	0.886720397124935	0.886720397124935	0.886720397124935	0.886720397124935	0.443360198562467	0.862089272207469	0.456400204387582	0.646566956256944	0.443360198562467
0.977034511432901	0.488517255716451	0.732775883818935	0.732775883818935	0.732775883818935	0.366387941909467	0.732775883818935	0.799391873184348	0.732775883818935	0.732775883818935	0.732775883818935	0	0.732775883818935	0.732775883818935	1.0991638257284
0.937375803982486	0.624917202654991	0.663974528128504	0.637415547032048	0.637415547032048	1.06235924505341	1.77059874189734	1.96733193544148	1.83869869343805	1.57386554835319	1.77059874189734	1.77059873968409	1.83869869343805	1.77059874189734	1.96733193544148
0.870378594235956	0.870378594235956	0.819179853860339	0.773669862037361	0.773669862037361	1.16050479305604	1.21096152352529	1.36233171396595	1.51370190440661	1.21096152352529	1.66507209484727	1.39260575131136	1.42425588271785	1.21096152352529	1.66507209484727
1.37118104775443	0.587649020466183	0.954929658491689	1.11408460157364	1.11408460157364	1.11408460157364	1.11408460157364	1.27323954465559	1.27323954465559	1.27323954465559	0.954929658491689	1.27323954059713	0.954929658491689	1.04855021331131	0.748964438079508
0	0	0	0	0	0	0	0	0	0	0	0	0	0	0
0	0	0	0	0	0	0	0	0	0	0	0	0	0	0
2.21912630415269	1.80817698732687	0.813679646448824	0.813679646448824	0.813679646448824	0.813679646448824	0.813679646448824	0.813679646448824	0.813679646448824	0.813679646448824	0.271226548816275	0.904088493663437	0.280579188419664	0.762824668599806	0.262477305315668
1.2688185714151	1.42742089228688	0.475806965205844	0.237903482602922	0.237903482602922	0.237903482602922	0.237903482602922	0.237903482602922	0.237903482602922	0.237903482602922	0	0	0.228387343309463	0.219603214730098	0.228387343309463
1.73081000381661	2.07697200361068	1.06511384984075	1.06511384984075	1.06511384984075	1.93850720662666	1.66157760568	1.73081000583589	1.93850720662666	2.30774667444786	1.31871238517899	0	2.30774667444786	1.64839048147374	1.31871238517899
1.52788745253628	1.47427736634659	1.01859163578813	1.01859163578813	1.09134818120157	1.27323954469771	1.19834310089197	1.19834310089197	1.12344665708622	1.23465652815321	1.08032446213406	0	1.2732395446158	1.35281701615428	1.19366207307731
0	0	0	0	0	0	0	0	0	0	0	0	0	0	0
0.947469269764904	0.561463271088766	0.67375592575569	0.336877962877845	0.505316944316768	0.541411011729293	0.180470337243098	0.360940674486195	0.360940674486195	0.541411011729293	0.388705341722328	0	0.541411011729293	0.180470337243098	0.180470337243098
1.3202625955031	1.18823633595279	0.907680534820966	0.998448588303062	0.907680534820966	1.06501182745227	1.06501182745227	0.96819257041115	0.96819257041115	1.14108410075477	1.14108410075477	0	0.933614264253905	1.06501182745227	0.933614264253905
0	0.391255901506739	0.234753541060546	0.234753541060546	0.234753541060546	0.234753541060546	0.234753541060546	0.234753541060546	0	0.234753541060546	0.234753541060546	0	0.469507082121091	0.704260623181637	0.704260623181637
0	0	0	0.167112690213067	0.179049310927225	0.179049310927225	0.179049310927225	0.167112690213067	0.156668147086501	0.313336294173002	0.313336294173002	0	0.470004441259503	0.626672588346004	0.626672588346004
2.86478897504023	0.881473530699274	2.1485917316063	2.50669035354068	2.50669035354068	2.1485917316063	2.1485917316063	2.50669035354068	2.50669035354068	2.50669035354068	1.79049310967192	2.2918311750229	1.79049310967192	1.68516998567889	1.34813598854311
1.40255293564669	0.467517645215563	1.00182352564082	1.20218823076898	1.20218823076898	1.20218823076898	1.20218823076898	1.40255293589714	1.40255293589714	1.40255293589714	1.00182352564082	1.40255293214031	1.00182352564082	1.12204234879786	0.748028232531908
0	0.387940173527868	0.232764104271897	0.232764104271897	0.232764104271897	0.232764104271897	0.232764104271897	0.232764104271897	0	0.232764104271897	0.232764104271897	0	0.465528208543794	0.698292312815691	0.698292312815691
1.43902594311767	0.822300538924386	1.07926945773399	1.23345080883884	1.23345080883884	1.3876321599437	1.07926945773399	1.23345080883884	1.3876321599437	1.3876321599437	1.07926945773399	2.05575133525056	1.19918828622453	0.881036292073895	0.734196910061579
1.25334517643089	0.835563450953929	0.940008882636507	0.940008882636507	0.940008882636507	0.626672588424338	0.940008882636507	0.668450760941397	0.940008882636507	0.940008882636507	0.626672588424338	1.00267613927305	0.626672588424338	0.940008882636507	1.25334517684867
0.498780223119135	0.33252014874609	0.367522269825622	0.55420024821364	0.443360198570912	0.665040297856368	0.910816060194379	1.01201784466042	0.910816060194379	0.607210706796253	0.910816060194379	0.846414923701718	0.775880347499097	0.634811193439955	0.846414924586606
0.52388502074888	0.369801191084227	0.377197215097616	0.604482716527699	0.36268962991662	0.604482716527699	0.967172346444319	1.08806888974986	1.13159164529285	0.967172346444319	0.967172346444319	0.523885020355966	0.880126835227771	0.880126835227771	1.00585924026031
1.73081000387431	1.44234166906591	0.86540500293237	1.15387333724316	1.15387333724316	2.12555614742454	1.73081000586474	1.82190526922103	1.73081000586474	2.12555614742454	1.35749804353999	0	2.12555614742454	2.24364259990835	1.60260185707739
0.930061697763202	0.858518490375035	0.80874930317637	0.485249581905822	0.646999442541096	0.845510635098829	0.507306381059298	0.708618436998398	0.708618436998398	0.885773046247997	0.744049358805801	0	0.885773046247997	0.354309218499199	0.531463827748799
0	0.204627783858364	0.143239448768382	0.390653042134652	0.390653042134652	0.390653042134652	0.390653042134652	0.390653042134652	0.260435361423101	0.260435361423101	0.390653042134652	0	0.286478897536764	0.286478897536764	0.286478897536764
1.20503028220503	1.68704239373741	0.766837452869995	1.53367490573999	1.15025617930499	2.30051235860998	2.10880299561615	1.75733582968012	1.94658738074344	2.10880299561615	1.53367490573999	0	2.10880299561615	2.68393108504498	1.91709363217499
1.43612468063892	0.895246553932719	0.928403834633952	1.00577082085345	1.00577082085345	1.04445431392005	0.9698504344316	0.895246554859938	1.04445431400326	1.00577082085345	1.00577082085345	0	1.12479695345236	0.9698504344316	1.08313780707294
2.30774667390938	0.494517144359702	1.38464800483026	1.73081000603782	1.73081000603782	2.07697200724539	1.73081000603782	2.07697200724539	2.07697200724539	2.07697200724539	1.38464800483026	2.30774666906311	1.45752421553025	1.6483904820232	0.989034289213921
0	0.23149809893753	0.169765272620037	0.954929658551372	0.795774715459477	0.954929658551372	0.954929658551372	1.11408460164327	0.954929658551372	0.795774715459477	0.954929658551372	0	1.01859163572022	1.01859163572022	1.01859163572022
0.847500071286343	0.47083337284269	0.617968802396754	0.706250059882004	0.753333397150971	0.847500071794843	0.830882423445578	0.74779418110102	0.830882423445578	0.794531317367255	0.794531317367255	0.353125028749205	0.941666746438714	0.74779418110102	0.706250059882004
0.232611070493839	0.0944982474194699	0.251995326492169	0.238732414587584	0.377992989677879	0.419992210820281	0.525903290216698	0.525903290216698	0.657379112770872	0.328689556385436	0.657379112770872	0.412355988470068	0.657379112770872	0.549807985201556	0.723117024047959
0.171091563743945	0.183312389706451	0.122208259868314	0.466613355883057	0.349960016912293	0.699920033824585	0.816573372795349	0.933226711766114	0.933226711766114	0.816573372795349	0.816573372795349	0	1.09987433881483	1.28318672855009	1.28318672855009
1.15955744111863	1.15955744111863	0.932977252543319	0.746381802034655	0.746381802034655	1.15955744240243	0.773038294934952	0.801669342862633	0.96629786866869	1.20250401429395	0.649352167659089	0	1.20250401429395	0.649352167659089	0.432901445106059
0	0.370532601654236	0.247021734569961	0.912080250795862	0.684060188096896	1.14010031349483	0.912080250795862	1.14010031349483	1.14010031349483	1.14010031349483	1.14010031349483	0	1.72915214198972	1.72915214198972	1.72915214198972
0	0.159154943012318	0.106103295394597	0.318309886183791	0.318309886183791	0.318309886183791	0.318309886183791	0.318309886183791	0.212206590789194	0.212206590789194	0.318309886183791	0	0.318309886183791	0.318309886183791	0.318309886183791
1.04445431351834	1.04445431351834	0.812353355364882	0.812353355364882	0.812353355364882	1.04445431404056	1.04445431404056	1.04445431404056	0.812353355364882	1.04445431404056	0.812353355364882	0	1.01280418321999	1.13940470612249	1.01280418321999
1.45449934038782	1.16879411260061	1.0788868738441	1.22273845702331	1.22273845702331	1.27164799525338	1.27164799525338	1.19684517200318	1.27164799525338	1.32463332833153	1.32463332833153	0	1.24671372078262	1.34645081850358	1.24671372078262
0.553425142068174	2.28287870869646	0.450939005376932	0.450939005376932	0.450939005376932	0.676408508065399	0.901878010753865	0.901878010753865	0.901878010753865	0.86966808183288	0.450939005376932	0	0.936565626512066	0.86966808183288	0.901878010753865
1.01859163466768	1.4551309053585	0.536100860884689	1.07220172176938	0.804151291327034	1.60830258265407	1.5278874536058	1.34025215221172	1.5278874536058	1.5278874536058	1.07220172176938	0	1.5278874536058	1.60830258265407	1.07220172176938
0.971508297080474	1.29534439506383	0.699485974776962	0.699485974776962	0.932647966369283	1.39897194955392	1.12097111347463	1.1658099579616	1.12097111347463	1.29534439784642	0.728631223690785	0	1.39897194955392	0.932647966369283	0.728631223690785
1.07429586421753	1.39658462241924	0.698292312745861	0.465528208497241	0.698292312745861	1.1638205212431	1.1638205212431	1.20395226330927	1.1638205212431	1.35153350858834	0.498780223350711	0	1.44474271597112	0.963161810647413	0.748170335026067
0.974824025114884	1.86102768311386	0.682376818438263	0.454917878958842	0.454917878958842	0.909835757917685	0.909835757917685	0.941209404706731	0.909835757917685	1.10060777171367	0.470604702353366	0	1.4118141070601	0.909835757917685	0.705907053530048
1.01660219859284	1.01660219859284	0.829879346122026	0.829879346122026	0.829879346122026	1.03734918265253	1.03734918265253	1.03734918265253	0.829879346122026	1.03734918265253	0.829879346122026	0	1.00543074618588	1.11714527353987	1.00543074618588
3.92203252479241	1.05593183348772	2.82617049648315	3.22990913883789	3.22990913883789	2.82617049648315	2.82617049648315	3.22990913883789	3.22990913883789	3.22990913883789	1.90654358901574	1.96101625973483	2.28785230681889	2.16743902763305	1.80619918969421
0.788540399577649	0.394270199788824	0.578262959900553	0.578262959900553	0.86739443985083	0.578262959900553	0.86739443985083	0.929351185488078	0.929351185488078	1.15652591980111	0.86739443985083	0	1.15652591980111	1.15652591980111	1.15652591980111
1.08424304927142	0.542121524635708	0.722828699875691	0.722828699875691	1.08424304981354	0.722828699875691	1.08424304981354	1.18281059968906	1.08424304981354	1.08424304981354	0.722828699875691	0	1.08424304981354	1.08424304981354	1.08424304981354
1.3992372061506	1.67908464659714	0.763220295073438	1.52644059014688	1.14483044261016	2.51862697342179	2.28966088522031	1.90805073768359	2.09885581167456	2.28966088522031	1.67908464894786	0	2.28966088522031	2.93839813565876	2.09885581118483
1.4361246798311	1.17835871101046	0.901097839458396	0.901097839458396	0.901097839458396	1.12637229932299	1.12637229932299	1.12637229932299	1.12637229932299	1.09419023366299	0.875352186930394	1.27655526590795	0.675823379593797	0.851036848430216	0.437676093465197
2.18285425154383	1.57165506041304	1.09142712698461	1.30971255238153	1.30971255238153	1.52799797777845	1.30971255238153	1.52799797777845	1.52799797777845	1.48670073518044	1.06192909655746	2.24522150803319	1.09142712698461	1.03398359404589	0.849543277245965
0	0	0	0	0	0	0	0	0	0.142877732976974	0.142877732976974	0	0.142877732976974	0.142877732976974	0.142877732976974
0	0	0	0	0	0.17683882552012	0.149207759148652	0.248679598581086	0.248679598581086	0.0994718394324346	0.397887357729738	0.265258238398073	0.348151438013521	0.31830988616257	0.54709511687839
0	0	0	0	0	0.194522708072132	0.164128535063517	0.273547558439195	0.273547558439195	0.109419023375678	0.437676093502712	0.29178406223788	0.382966581814873	0.350140874778827	0.601804628566229
0	0	0	0	0	0	0	0	0	0	0	0	0.281007946361502	0.562015892723003	0.562015892723003
0.517253564202245	2.13367095022484	0.421465867786207	0.421465867786207	0.421465867786207	0.63219880167931	0.842931735572414	0.842931735572414	0.656514140178317	0.63219880167931	0.218838046726105	0	0.682774705754987	0.842931735572414	0.656514140178317
1.24481901829388	0.622409509146941	0.726144427856772	0.726144427856772	1.08921664178516	0.726144427856772	1.08921664178516	1.18823633638488	1.08921664178516	1.08921664178516	0.726144427856772	0	1.08921664178516	1.08921664178516	1.08921664178516
0.528621774476577	2.01837404662531	0.448527566868158	0.448527566868158	0.448527566868158	0.672791350302237	0.897055133736316	0.925088106634915	0.925088106634915	0.897055133736316	0.462544053317457	0	0.954929658428155	0.925088106634915	0.954929658428155
0.569284987744583	2.01837404644182	0.462544053303003	0.462544053303003	0.462544053303003	0.693816079954504	0.693816079954504	0.716197243798013	0.716197243798013	0.693816079954504	0.231272026651501	0	0.716197243798013	0.672791350281849	0.693816079954504
0.92508810591219	0.548200359173284	0.657840431446501	0.32892021572325	0.493380323584876	0.528621775231751	0.176207258410584	0.352414516821167	0.352414516821167	0.528621775231751	0.379523325776131	0	0.528621775231751	0.176207258410584	0.176207258410584
1.24671371980603	0.863109498079383	0.791183707424812	0.863109499008885	0.863109499008885	0.897633878930574	0.831142480560226	0.761880607180207	0.900404353940245	0.863109499008885	0.863109499008885	0	0.972436702174788	0.900404353940245	0.935035290592959
1.59154942993954	1.59154942993954	1.08376937438767	1.18229386296837	1.18229386296837	1.24140855605471	1.24140855605471	1.24140855605471	1.13795784305015	1.30674584840643	1.30674584840643	0	1.26439760324155	1.30674584840643	1.14945236658322
1.74651608474784	1.60097307768552	1.1731648456698	1.1731648456698	1.25696233464622	1.46907472857186	1.38265856806763	1.38265856806763	1.2962424075634	1.42726045731266	1.24885290014858	0	1.47483580583741	1.56701304370225	1.38265856797257
1.11976870499406	1.11976870499406	0.522558729713878	0.261279364856939	0.261279364856939	0.261279364856939	0.261279364856939	0.261279364856939	0.261279364856939	0.27994217660844	0	0	0.261279364856939	0.230540616082787	0.244949404571751
1.18797796621197	1.18797796621197	0.554389718325891	0.277194859162945	0.277194859162945	0.277194859162945	0.277194859162945	0.277194859162945	0.277194859162945	0.296994491934842	0	0	0.277194859162945	0.244583699295952	0.259870180484752
1.10911100786934	1.10911100786934	0.492938226438575	0.246469113219287	0.246469113219287	0.246469113219287	0.246469113219287	0.246469113219287	0.246469113219287	0.260967296331924	0	0	0.246469113219287	0.221822201923238	0.233497054643136
0.959903249083139	0.959903249083139	0.451719176636988	0.225859588318494	0.225859588318494	0.225859588318494	0.225859588318494	0.225859588318494	0.225859588318494	0.239975812570755	0	0	0.225859588318494	0.20208489483631	0.213311833425853
1.21355644046892	0.269679208948148	0.970845152860562	0.970845152860562	0.970845152860562	0.970845152860562	0.970845152860562	0.647230101907041	0.970845152860562	0.809037627383801	0.647230101907041	0.606778218869211	0.647230101907041	0.485422576430281	0.647230101907041
0.492385604944358	0.525211311888128	0.342529116639404	0.54709511687839	0.437676093502712	0.656514140254068	0.875352187005424	0.984771210381102	0.875352187005424	0.765933163629746	0.765933163629746	0.437676093065036	0.71619724384842	0.83556345115649	0.83556345115649
1.90133315672092	1.26755543781394	1.18305174349201	1.18305174349201	1.18305174349201	1.90133315902968	1.26755543935312	1.36505970379124	1.26755543935312	1.70632462973905	1.20993928261819	0	1.70632462973905	1.47881467894602	1.10911100920952
1.98659473297169	1.32439648864779	1.23610339109983	1.23610339109983	1.23610339109983	1.98659473552588	1.23610339109983	1.32439649035059	1.23610339109983	1.65549561293823	1.15884692880844	0	1.65549561293823	1.42627314331342	1.06970485748506
0.742723067366059	0.214247038612746	0.633002614541265	0.379801568724759	0.379801568724759	0.633002614541265	0.633002614541265	0.633002614541265	0.506402091633012	0.633002614541265	0.253201045816506	0	0.633002614541265	0.633002614541265	0.605480761762645
1.10082168849581	0.733881125663872	0.733881126438524	0.366940563219262	0.550410844828893	0.582787953312053	0.194262651104018	0.412808133567202	0.388525302208036	0.619212200350803	0.440328675770156	0	0.825616267134404	0.220164337885078	0.220164337885078
0.800195685211812	0.400097842605906	0.600146764542347	0.200048921514116	0.400097843028231	0.423633010238882	0	0.225055036673685	0.211816505119441	0.450110073347371	0.24005870576626	0	0.675165110021056	0	0
0	0	0	0	0	0	0	0	0	0	0	0	0	0.278521150331239	0.278521150331239
0	0	0	0	0	0	0	0	0	0	0	0	0	0.295573465657642	0.295573465657642
1.5617078768768	1.13578754656996	0.961051002405554	0.961051002405554	0.961051002405554	1.74911282430007	1.44157650360833	1.49923956368577	1.44157650360833	1.74911282430007	1.08640548082214	0	1.74911282430007	1.82199252522451	1.30142323230322
0	0	0	0	0	0	0	0	0	0	0	0	0	0	0
1.25732404891718	1.45075851749034	0.811176806674101	0.608382605005575	0.811176806674101	1.01397100834262	0.608382605005575	0.838216033533494	0.838216033533494	1.01397100834262	0.867120034656931	1.57165505163797	0.867120034656931	0.838216033533494	0.419108016766747
1.63702226911296	2.08348288646022	0.925992396058786	0.925992396058786	0.925992396058786	0.925992396058786	0.925992396058786	0.925992396058786	0.925992396058786	0.925992396058786	0.462996198029393	1.09134817652436	0.477464829201082	0.67406799421208	0.462996198029393
3.60485945310074	2.00269969545501	1.2874498073273	1.2874498073273	1.2874498073273	1.2874498073273	1.2874498073273	1.2874498073273	1.2874498073273	1.2874498073273	0.643724903663652	1.0013498477275	0.667566566734049	1.2016198202637	0.310763746608492
0	0	0	0	0	0.188092205455141	0.376184410910281	0.376184410910281	0.413802851956167	0.188092205455141	0.188092205455141	0	0.188092205455141	0.376184410910281	0.376184410910281
2.22816920194963	0.47746482893464	1.21536501986398	1.51920627482998	1.51920627482998	1.82304752979598	1.51920627482998	1.82304752979598	1.82304752979598	1.82304752979598	1.16252306253373	1.90985931246451	1.27323954455327	1.39260575205408	0.83556345123245
0.994718392956608	0.497359196478304	0.497359197068918	0.248679598534459	0.248679598534459	0.248679598534459	0.248679598534459	0.248679598534459	0.248679598534459	0.265258238415757	0	0	0.248679598534459	0.221048532059796	0.221048532059796
1.77059873879879	1.77059873879879	0.885299370616681	1.77059874123336	1.32794905592502	2.52942677269366	1.77059874123336	1.32794905592502	1.57386554800344	1.77059874123336	1.5176560636162	0	1.77059874123336	2.02354141815493	1.5176560636162
0.573620939292987	1.37669025333948	0.191206980210479	0.191206980210479	0.191206980210479	0.191206980210479	0.191206980210479	0.191206980210479	0.191206980210479	0.191206980210479	0	0	0.191206980210479	0.181143454947366	0.191206980210479
0	0	0	0	0	0	0	0	0	0	0	0	0	0	0
0	0	0	0	0	0	0	0	0	0	0	0	0	0	0
0	0	0	0	0	0	0	0	0	0	0	0	0	0	0
0	0	0	0	0	0	0	0	0	0	0	0	0	0	0
0	0	0	0	0	0	0	0	0	0	0	0	0	0	0
0	0	0	0	0	0	0	0	0	0	0	0	0	0	0
0	0	0	0	0	0	0	0	0	0	0	0	0	0	0
0	0	0	0	0	0	0	0	0	0	0	0	0	0	0
0	0	0	0	0	0	0	0	0	0	0	0	0	0	0
0	0	0	0	0	0	0	0	0	0	0	0	0	0	0
0	0	0	0	0	0	0	0	0	0	0	0	0	0	0
0	0	0	0	0	0	0	0	0	0	0	0	0	0	0
0	0	0	0	0	0	0	0	0	0	0	0	0	0	0
0	0	0	0	0	0	0	0	0	0	0	0	0	0	0
0	0	0	0	0	0	0	0	0	0	0	0	0	0	0
0	0	0	0	0	0	0	0	0	0	0	0	0	0	0
0	0	0	0	0	0	0	0	0	0	0	0	0	0	0
0	0	0	0	0	0	0	0	0	0	0	0	0	0	0
0	0	0	0	0	0	0	0	0	0	0	0	0	0	0
0	0	0	0	0	0	0	0	0	0	0	0	0	0	0
0	0	0	0	0	0	0	0	0	0	0	0	0	0	0
0	0	0	0	0	0	0	0	0	0	0	0	0	0	0
0	0	0	0	0	0	0	0	0	0	0	0	0	0	0
0	0	0	0	0	0	0	0	0	0	0	0	0	0	0
0	0	0	0	0	0	0	0	0	0	0	0	0	0	0
0	0	0	0	0	0	0	0	0	0	0	0	0	0	0
0	0	0	0	0	0	0	0	0	0	0	0	0	0	0
0	0	0	0	0	0	0	0	0	0	0	0	0	0	0
