0.389361199563494	0.389361199563494	0.545105680053401	2.1804227202136	1.0902113601068	1.16808360002543	1.16808360002543	1.75212540003815	1.6353170401602	1.55744480003391	1.46759221528755	0	0.778722400016956	0.419312061510729	1.04828015377682
0.406413514872844	0.406413514872844	0.568978921515594	2.27591568606237	1.13795784303119	1.21924054601195	1.21924054601195	1.82886081901792	1.70693676454678	1.62565406134927	1.53186632690598	0	0.812827030674633	0.43767609340171	1.09419023350428
0.39504530466661	0.39504530466661	0.553063427207465	2.21225370882986	1.10612685441493	1.18513591535427	1.18513591535427	1.77770387303141	1.6591902816224	1.58018122047236	1.48901691916036	0	0.790090610236182	0.42543340547439	1.06358351368597
1.90985931621148	1.48544613483115	2.06901425998774	1.81891363524933	2.27364204406167	1.97048977152011	2.87994658914478	2.27364204406167	2.3873241461397	2.12206590779089	2.57679431660322	1.98943678516718	2.12206590779089	1.66733749897855	2.42521818033244
1.63702227063305	2.04627783829131	2.04627783946061	1.95326521049569	2.0834828911954	1.95326521049569	2.50669035369735	2.26795793905951	2.26795793905951	1.79049310978382	2.02922552442167	2.14859172959199	1.86834063621493	0.954929658551372	2.14859173174059
2.31272026521411	2.77526431825693	2.62108296871701	2.66425374714519	2.81226784420881	2.66425374714519	3.2892021572325	3.01510197746313	3.01510197746313	2.32985152803969	2.74100179769375	2.77526431669584	2.56178244928448	1.50755098873156	2.87805188757844
5.25211311794757	5.56106094783352	5.52495016654366	7.05965854613912	7.05965854613912	4.91106681470547	6.13883351838184	5.83189184246275	6.75271687022003	6.22350708439789	6.5890146435652	6.68450759277697	5.21800849062457	3.60408935635182	4.99027757033329
1.51665298630807	1.14591558942131	1.5701247270412	1.73540101409817	1.32221029645575	0.945380361928043	1.37509870825897	1.2032113697266	1.03132403119423	1.52191914318942	0.895246554817307	1.07429585297874	1.30783844523673	1.34286983222596	1.2144214134341
1.38265856711225	0.172832320851825	2.05168690751931	2.4085020218705	1.96248312893152	1.96248312893152	2.4085020218705	1.60566801458033	1.33805667881694	1.78407557175592	1.42726045740474	2.07398783816684	1.42726045740474	1.38265856806475	1.24885290022915
1.43448863068262	0.320650399732139	1.92390240031673	2.40487800039592	1.84373980030354	1.76357720029034	2.40487800039592	1.44292680023755	1.28260160021116	1.84373980030354	1.36276420022435	1.63531703078439	1.44292680023755	1.40406008503709	1.20243900019796
2.50669035286179	1.02546423513734	2.35002220659127	3.76003553054603	2.58502442725039	2.58502442725039	3.29003108922777	2.82002664790952	2.82002664790952	2.82002664790952	2.58502442725039	2.25602131336437	2.82002664790952	3.05502886856865	2.35002220659127
2.24332681520513	0.929799929813894	2.30774667483248	2.70563403256222	2.14859173174059	1.79933505101672	2.2900627922031	1.63575913728793	1.39039526669474	1.93486937947805	1.43012084570117	0.981455471276859	1.59837035696013	1.68249511258961	1.76661986821909
2.40136722817985	2.9350043899976	3.21294041326602	3.26585943198442	3.26585943198442	3.08442279687418	4.03192522499468	3.69593145624513	3.66362436295522	2.85594703437123	3.35993768749557	3.48916605633399	3.14024945396162	2.01596261249734	3.69593145624513
0.323283478034181	0.431044637181346	1.14945236651936	0.862089274889524	1.72417854977905	0.969850434102543	2.58626782427345	0.646566956068362	0.574726183259683	0.862089274889524	2.29890473303873	0	1.14945236651936	1.14945236651936	1.14945236651936
1.79049310832905	0.183640318726168	1.97571653493387	2.30500262408952	1.72875196806714	1.70523153306655	1.8757546863732	1.61996995641322	1.53470837975989	1.70523153306655	1.36418522645324	1.59154941712552	1.44944680310657	1.67996884362334	1.70523153306655
1.89138597360248	0.218838046413152	1.97735806528904	2.32124642446974	1.71944179590351	1.87228106658115	1.87228106658115	1.69396858404961	1.51565610151807	1.78312482531538	1.4264998602523	1.60481232946984	1.51565610151807	1.69396858404961	1.78312482531538
0.614514918955535	0.395045304892351	1.10612685426745	1.10612685426745	1.93572199496803	0.921772378433303	2.45805967582214	0.614514918955535	0.553063427133724	1.10612685426745	2.48878542210176	0	1.10612685426745	1.38265856783431	1.38265856783431
1.75070437342728	1.43239448734959	1.75908094987047	1.79049310978382	1.55176069514598	1.6711269024649	2.14859173174059	1.6711269024649	1.90985931710274	1.43239448782706	1.43239448782706	1.59154942720534	1.59154943074211	1.13083775348816	1.88472958914693
4.97248672509388	5.26498594366646	5.2307977271212	6.68379709576597	6.68379709576597	4.64959797966328	5.81199747457911	5.52139760085015	6.39319722203702	5.8921629572193	6.2382106231902	6.32861945705042	4.94019785339224	3.41220496932383	4.72459149598684
1.27323954420465	1.52788745261267	1.59154943081948	1.94730753900672	1.64772176377492	1.94730753900672	2.39668620185442	1.79751465139082	2.09710042662262	1.79751465139082	1.64772176377492	1.69765271839117	1.75070437390143	1.59154943081948	1.75070437390143
0.531179621931785	1.51765606123131	2.39030830132237	3.1870777350965	2.92148792383846	2.12471849006433	3.7941401610279	2.65589811258041	3.03531212882232	2.02354141921488	1.9569775565249	0	2.02354141921488	1.9569775565249	0.8387046670821
0.0852615765832911	0.0397887357552899	0.0795774715105799	0.0954929658264893	0.0511569459499747	0.0663145595921499	0.0550920956856561	0.0826381435284841	0.0734561275808748	0.0459100797380467	0.0826381435284841	0.0596831035898305	0.0994718394241453	0.10941902336656	0.0550920956856561
0.0710513138194093	0.033157279796075	0.0663145595921499	0.0795774715220744	0.0426307882916456	0.0552621329934583	0.0459100797380467	0.0688651196070701	0.061213439650729	0.0382583997817056	0.0688651196070701	0.0497359196581921	0.082893199520121	0.0911825194721332	0.0459100797380467
5.8673081851064	4.94375041443627	5.7784095807871	7.70454610771613	6.16363688617291	5.39318227540129	6.54886419155871	5.00795497001548	5.7784095807871	6.54886419155871	6.26413096614826	6.35625052622554	5.52717438189552	4.74600040300032	4.40700037421458
2.12372377055515	0.606778220158615	1.12020594560834	1.30690693654306	1.61807525463276	1.68030891841251	2.4271128821514	1.30690693654306	1.12020594560834	0.933504954673617	1.86700990934723	2.42711285302605	2.24041189121668	1.68030891841251	1.86700990934723
3.47080202152171	4.51204262402151	3.981214090698	5.52946401485834	4.644749772481	4.644749772481	5.08710689366967	4.20239265129234	5.308285454264	4.644749772481	5.08710689366967	5.01338069124048	4.32973788300304	3.43774677049028	3.981214090698
2.57998539164968	2.97089226890307	3.25655498879252	2.86478897534717	3.18309886149686	3.02394391842202	4.01070456578207	3.56507072513962	3.53433735669351	2.67380304385471	3.11943688449717	2.97089226787976	2.91966999031203	1.84400209914444	3.38067051509814
0.450939005076306	0.405845104640826	0.541126806187768	0.608767656961239	0.375782504230255	0.526095505922358	0.295928722311493	0.507306381105416	0.549581912864201	0.295928722311493	0.422755317587847	0.430441777711971	0.422755317587847	0.360751204317579	0.465030849346632
0.450939005076306	0.405845104640826	0.541126806187768	0.608767656961239	0.375782504230255	0.526095505922358	0.295928722311493	0.507306381105416	0.549581912864201	0.295928722311493	0.422755317587847	0.430441777711971	0.422755317587847	0.360751204317579	0.465030849346632
2.79657971233146	2.0974347842486	2.44700725003789	4.4861799584028	3.26267633338385	2.44700725003789	2.85484179171087	3.11437286340146	3.26267633338385	2.85484179171087	3.67051087505684	4.89401447560571	2.03917270836491	1.63133816669193	2.85484179171087
1.01642133963117	2.79515868141291	3.13057773036713	3.80141581544581	3.35419042539336	3.13057773036713	4.24864120549825	3.02808857834385	3.49394835962752	2.90696503534091	3.26101846898568	2.79515865311193	2.43057277179591	2.32929890641835	1.45834366307755
1.31302827982036	0.395793213470881	1.88001776527301	2.19335405948518	1.72334961816693	1.56668147106084	2.0366859123791	1.25334517684867	1.17501110329563	1.4883473975078	1.09667702974259	1.50401420409673	1.13205370808487	1.08623248652977	0.970331749787029
1.63898984425282	3.5511446599254	3.67359793176264	4.89813057568352	4.16341098933099	3.67359793176264	5.1430371044677	3.55114466723061	4.16341098933099	3.55114466750117	4.05845104826355	3.55114461447075	3.29749147671414	2.69397181662594	1.95925223027341
1.63439883603428	3.21927043308214	3.65542966033752	5.02621578296409	4.34082272165081	3.54119748332251	5.19375630887302	3.66330774122495	4.48551681220851	3.88389401410862	4.04708283775525	3.54119742713551	3.17486670906163	2.6864256768983	2.19798464473497
1.77557233176047	3.27797968774919	3.99503775083062	4.88282391768187	4.66087737596906	3.77309120911781	5.32671700110749	3.89480382862935	4.66087737596906	4.08919688987462	4.35301604376222	4.73485950647872	3.66569772106292	3.10725158397937	2.29106107566432
1.67112690104444	0.928403833722741	2.18300361132802	2.40883157112058	1.80662367834043	1.46997273823848	2.0889086280231	1.46997273823848	1.31523876579232	1.77944068313079	1.23787177956925	2.08890861084763	1.35281701620381	1.39260575193121	1.27323954466241
1.09419023307291	0.350140874241944	0.318309886125916	0.583568124621652	1.27323954450366	0.636619772251832	1.59154943062958	0.437676093466239	0.145892031155413	0.291784062310826	1.1671362492433	1.7507043530024	1.31302828039872	0.875352186932478	0.875352186932478
1.11905819305536	0.358098621455426	0.325544201749282	0.596831036594607	1.30217680699713	0.651088403498564	1.62772100874641	0.325544201749282	0.162772100874641	0.162772100874641	1.30217680699713	1.7904930900884	1.30217680699713	0.813860504373205	0.976632605247845
3.12809678260434	3.69289203454383	4.24682584437036	4.24682584437036	4.61611504822866	3.32360283472463	4.24682584437036	3.69289203858292	4.61611504822866	4.11813415225321	4.38382022629216	4.72690178146788	3.24021494986812	2.14859173161037	3.04383828644802
2.96028193933838	2.96028193933838	3.61990998235165	4.16289647990048	4.16289647990048	3.46908039991707	4.69660115720218	4.21840176648195	4.21840176648195	3.62919180329259	4.26963741563835	4.62544052821186	3.3303171840647	2.56178244938301	4.26963741563835
1.88333349199854	0.434615421118992	2.03400017271442	2.82500023988114	2.14700018230967	2.03400017271442	2.4860002110954	1.92100016311918	1.69500014392869	2.14700018230967	1.80800015352393	1.41250011252495	2.14700018230967	2.14700018230967	1.69500014392869
2.85152606198719	2.51605240739731	2.90855658453902	2.53468983423873	3.16836229279841	3.00994417815849	3.9717684457675	3.51348747125587	3.48519852207825	2.74968584706981	3.05520649674423	2.63217790174174	2.85152606351857	1.90101737567904	3.16836229279841
3.22288759661922	3.10352138899882	3.20050643353855	3.78241669418192	3.78241669418192	2.90955130321686	3.78241669418192	3.20050643353855	4.07337182450361	3.49146156386024	4.07337182450361	4.65528207030827	3.10352138987816	1.91688085870974	3.01224134940102
3.49572464091372	1.77964163461155	3.55928327278239	4.89401450007578	3.78173847733128	4.22664888642908	4.44910409097798	3.33682806823349	3.33682806823349	3.55928327278239	3.33682806823349	4.07834540585423	3.33682806823349	3.55928327278239	3.33682806823349
3.2443122997417	1.9170936311293	3.69040524294332	5.27200748991903	3.95400561743927	4.48120636643118	4.74480674092713	3.69040524294332	3.42680486844737	3.69040524294332	3.42680486844737	3.76571962866297	3.16320449395142	3.69040524294332	3.16320449395142
1.60481234184982	1.01356568941662	1.91161470250449	2.0532157915789	1.55761197981848	1.24008226488677	1.67775835837622	1.31302828046835	1.24008226488677	1.73018830701977	1.05315809992508	0.802406163130109	1.35406041418939	1.50451157132154	1.35406041418939
1.57828651801759	0.99681253752544	1.88001776527301	2.01927834047842	1.53186632725949	1.21958503736798	1.65002681526257	1.29132533368375	1.21958503736798	1.70159015318474	1.03575052802549	0.789143251342834	1.33167925031849	1.47964361146499	1.33167925031849
1.65786398951428	1.04707199319899	1.97480857696745	2.12109069377986	1.60910328493644	1.28107671992435	1.73322144460353	1.35643417403755	1.28107671992435	1.78738461468985	1.08797324372426	0.828931986704658	1.39882274193118	1.55424749103465	1.39882274193118
2.36494297984557	3.60372263486117	3.74449305540068	4.33572880099026	4.33572880099026	3.1532573098111	4.13865021912707	3.45841124290009	4.47559102022364	3.94157163726387	3.78390877150529	4.72988592953812	3.15325730958774	2.64466742104125	2.64466742104125
1.96291096321102	0.692792104367743	2.24701649917899	2.78939979208427	2.24701649917899	1.98943678859492	2.30774667477011	1.67112690241974	1.43239448778834	1.83028184550733	1.35281701624455	2.20827481662971	1.43239448778834	1.63575913724249	1.83028184550733
2.36458772402254	0.862089274123223	2.36847685048597	2.94017815922396	2.36847685048597	2.01309495581065	2.51636869476331	1.84533704282643	1.50982121685798	2.09697391230276	1.5937001733501	1.55176068195601	1.6775791298422	1.81038747756973	1.84533704282643
0.774071767970516	0.212869736151253	1.2772184182486	1.59652302281075	1.38365328643598	1.49008815462337	1.59652302281075	0.957913813686449	1.38365328643598	0.89629362679159	1.12036703348949	1.27721841422536	0.672220220093693	0.851478945499066	0.6386092091243
2.18174900597582	2.80510586197642	3.38547260378126	4.51396347170834	3.61117077736668	3.83686895095209	4.28826529812293	3.38547260378126	4.51396347170834	3.61117077736668	4.06256712453751	3.27262350314573	3.50638233949241	3.05444861596833	2.70837808302501
2.14135741517216	0.327151827212222	1.84022902950004	2.94436644720006	2.20827483540005	2.02425193245004	2.76034354425006	2.20827483540005	2.20827483540005	2.39229773835005	2.02425193245004	1.47218321918348	2.39229773835005	2.57632064130006	2.02425193245004
1.21355643996328	1.4002574309333	1.04019123510868	2.6004780877717	1.90701726436591	1.8203346613405	1.8203346613405	2.10775592352985	2.00236812747455	2.00236812747455	1.9161417486635	0	1.0922007968043	0.728133864536201	1.27423426293835
1.85122328426812	1.11408460072578	2.09468441230623	2.35651996384451	1.6582918264091	1.26262921515361	1.80375602164802	1.44300481731842	1.26262921515361	1.77265677983231	1.02627497779765	1.35281699666526	1.5460765898699	1.64270637673677	1.44944680300303
0.729460155351547	0.972613540468729	0.583568124670283	1.60481234284328	1.021244218173	0.875352187005424	0.875352187005424	1.45892031167571	1.31302828050814	1.31302828050814	1.25050312420414	0	0.583568124670283	0.437676093502712	0.729460155837854
1.40681601402625	0.28136320280525	1.18172545233915	1.18172545233915	1.18172545233915	1.37867969439567	1.96954242056525	1.5756339364522	1.31302828021635	0.984771210282625	1.18172545233915	1.31302827700673	1.43239448782706	1.18172545233915	1.5756339364522
1.2069249844095	0.905193738307125	1.33396972038865	1.42925327184498	1.14340261747599	0.571701308737993	1.33396972038865	0.762268411650657	0.762268411650657	1.10634790295928	0.402308328348829	0.905193731141008	0.532466905134507	0.638960286161408	0.532466905134507
1.74166147825033	0.23652192905432	1.56851384705039	2.1286973638541	1.56851384705039	1.79258725377187	1.68055055041113	1.45647714368965	1.45647714368965	1.56851384705039	1.23240373696816	1.41913156833403	1.3444404403289	1.68055055041113	1.68055055041113
0.255784729786414	0.223811638611072	0.268573966333286	0.313336294055501	0.204627783829131	0.306941675743697	0.119366207318922	0.268573966467573	0.298415518297304	0.149207759148652	0.238732414637843	0.198943678798555	0.268573966467573	0.227880941224497	0.238732414637843
1.73081000266274	1.15387333510849	1.84619733949675	3.69239467899349	3.00007067668221	3.23084534411931	3.00007067668221	2.30774667437093	3.00007067668221	2.30774667437093	3.07699556600374	1.53849777860616	2.19785397571696	2.40808348667702	1.67836121790741
2.6330781010744	3.21820656797982	3.31572798066669	3.58098621928117	3.38204254043221	3.18309886158326	4.23676353138147	3.86834931126134	3.82583997802341	3.13152087102109	3.68414220120128	3.82583997405042	3.2519639813199	2.0262782106607	4.05255642132141
2.47684880031959	3.09606100039949	3.23067234984072	3.50886913568672	3.30246506888162	3.09606100207652	4.19159028008367	3.81053661825788	3.76481017868819	3.2389561255192	3.62000978734498	3.81053661444734	3.17036646626374	1.90526830912894	4.00106344917077
2.6083726768565	3.1300472122278	3.43101329202747	3.13004721390875	3.30393872579257	3.13004721390875	4.20937383970633	3.72367685820176	3.68898421653397	2.91418188902746	3.39987887053204	3.35362201155748	3.18594091427933	2.01217320901853	3.68898421653397
0.534305879998287	0	0.701276467648026	0.623356860235471	1.66228496062792	0.935035290197368	1.63631175784539	0.20778562007849	0.187007058095576	0.748028232382303	1.30904940666903	0	0.748028232382303	0.935035290477878	0.561021174286727
1.84022902796651	0.220827483275012	1.80677031987277	2.10789870651823	1.60601806210912	1.78765105714348	1.78765105714348	1.36702727899208	1.36702727899208	1.78765105714348	1.47218322352993	0	1.36702727899208	1.57733916806778	1.68249511260563
0.514766768676774	0	0.411813415085554	0.499167775924808	1.09816910689481	0.411813415085554	1.23544024525666	0.124791943981202	0.114392615328234	0.457570461312937	1.02953353795411	0.457570459711441	0.686355691969406	0.686355691969406	0.457570461312937
0.716197243356487	0.26857396601995	0.402860949567073	0.495828861056483	1.20858284870122	0.537147932756098	1.47715681507927	0.247914430528241	0.11510312846966	0.460412513878638	1.26613441316626	0.537147930607506	0.920825027757277	0.805721899287617	0.575515642348298
2.30593809425666	0.9423647936807	2.27738158700574	2.74856398431727	2.19885118745382	1.85501538396013	2.33893244064538	1.69370969839838	1.45175117005575	1.98943678853817	1.49207759140363	1.49207757880386	1.65786399044847	1.7407571899709	1.82365038949332
1.15760353088851	0.377992989600256	2.07074420522825	2.30082689469805	1.72562017102354	1.72562017102354	2.18578554996315	1.26545479208393	1.26545479208393	1.38049613681883	1.15041344734903	1.76396727417539	1.15041344734903	1.08243447086556	0.920330757879221
1.14889974494198	0.375150937046871	2.05517469992578	2.28352744436198	1.71264558327148	1.71264558327148	2.16935107214388	1.25594009439909	1.25594009439909	1.37011646661719	1.14176372218099	1.75070436233949	1.14176372218099	1.07429586582146	0.913410977744791
0.733249558302054	0	1.18448005696826	3.94826685656088	3.1586134852487	1.71091563766757	3.94826685656088	2.56637345650135	3.1586134852487	2.13864454708446	2.56637345581699	0	2.13864454708446	2.79968013402576	0.933226711341919
1.22902983695516	0.691329283104843	1.72832320981449	4.14797570355478	3.45664641962898	2.21225370838741	4.14797570355478	2.94967161118321	3.80231106159188	2.58096265978531	2.97803383763349	0	2.58096265978531	2.76531713523407	1.18513591510031
2.7056340308712	3.0438382847301	3.29381534355916	4.28392055119985	3.8329815458104	3.38204254042094	4.16251389624957	4.11256372933007	4.11256372933007	3.33001111699966	4.16251389624957	4.50939004900941	2.81385939375216	2.49750833774974	3.74626250662461
4.39484671522515	4.47623276252294	4.44536220298806	5.83453789142183	5.27886761604832	5.27886761604832	5.55670275373508	4.72319734067482	5.55670275373508	5.27886761604832	6.11237302910858	5.37147931502752	4.60412513862195	4.4184749319234	4.29718346305146
0.483433139013169	0.966866278026338	1.38123754170169	3.6833001112045	2.5322688264531	1.93373255827647	2.65888226763014	3.3077004284306	3.14231540719926	2.79882343944127	2.55935191484652	0	1.78106946146263	1.61144379835782	1.61144379835782
0.629385456371977	0.524487880309981	0.865405002629478	1.05771722543603	0.865405002629478	0.769248891226203	0.705144817309925	0.961561114513534	0.961561114513534	0.705144817309925	0.705144817309925	0.673092779822927	0.769248891610827	0.641040743009023	0.769248891610827
0.629385456371977	0.524487880309981	0.865405002629478	1.05771722543603	0.865405002629478	0.769248891226203	0.705144817309925	0.961561114513534	0.961561114513534	0.705144817309925	0.705144817309925	0.673092779822927	0.769248891610827	0.641040743009023	0.769248891610827
0.640236929757701	0.533530774798084	0.880325778536883	1.07595372932286	0.880325778536883	0.782511803143896	0.717302486573889	0.97813975441894	0.97813975441894	0.717302486573889	0.717302486573889	0.684697827750909	0.782511803535152	0.652093169612627	0.782511803535152
2.09795152123992	0.320520371183991	1.92312222902707	2.8846833435406	2.08338241477932	1.92312222902707	2.56416297203609	2.08338241477932	2.08338241477932	2.40390278628383	1.92312222902707	1.4423416667221	2.40390278628383	2.56416297203609	1.92312222902707
1.97522652488502	0.230443094512308	1.84354475748112	2.76531713622168	1.97522652587263	1.97522652587263	2.50195359943866	1.84354475748112	1.84354475748112	2.23859006265565	1.84354475748112	1.38265856223454	2.23859006265565	2.10690829426414	1.84354475748112
2.21680099137669	1.20692498383956	2.43248973833694	2.85188452080883	2.18085286885381	1.81038747762002	2.32764104265431	1.7241785501143	1.46555176759716	2.03945691350389	1.41875263548097	1.55176068234395	1.68476875463365	1.86211283406877	1.77344079435121
2.42711288045242	1.94169030436194	2.42711288199971	3.71205499623156	3.71205499623156	2.85542692017812	3.42651230421375	3.64066932299956	3.42651230421375	3.14096961219593	3.71205499623156	3.64066931139493	2.56988422816031	1.99879884412468	3.14096961219593
2.32305003420908	2.71022503991059	2.51663753764059	4.71869538307612	3.46037661425582	2.20205784543552	3.46037661425582	3.35551671663042	3.77495630646089	2.83121722984567	3.77495630646089	5.03327505347033	2.20205784543552	1.2583187688203	2.83121722984567
0.790801123092454	0.70293433128627	0.878667914986506	0.702934331989204	0.702934331989204	0.479273408130887	0.670982771383242	0.76683745300942	0.670982771383242	0.738081048441048	0.632640898663756	0	0.738081048441048	0.76683745300942	0.843521198218341
1.31302827972032	0.875352186324595	1.41403045560552	2.62605656041026	2.22204785880868	1.8180391572071	1.80541388569869	2.46192802595276	2.46192802595276	1.9695424207622	2.13367095582572	1.31302827919511	1.80541388569869	1.9695424207622	1.80541388569869
5.41126806187768	5.21800848764285	5.90320152505364	6.64110171568535	7.0100518110012	5.16530133442194	6.2721516203695	6.2721516203695	7.0100518110012	6.64110171568535	7.05817573681196	8.11690207797418	6.18430635925875	3.38204254070278	5.41126806512444
2.13412309996838	2.13412309996838	2.01217320909039	4.35970861969585	3.01825981363559	2.01217320909039	3.01825981363559	2.88927435129215	3.35362201515065	2.34753541060546	3.35362201515065	4.69507080399565	2.01217320909039	1.34144880606026	2.68289761212052
4.88833038728369	4.99017060154679	5.61394193726628	6.14860307414879	6.14860307414879	5.34661136882503	5.88127250570754	5.07928080038378	5.88127250570754	5.70305212694112	5.70305212694112	6.11041296839213	4.54461966350128	3.52247337263548	4.147674274139
0.948298201719936	0.517253564484383	1.81038747758802	2.19832765135688	1.68107408633173	2.06901426010059	2.19832765135688	1.16382052130658	1.55176069507544	1.35471171785556	1.35471171785556	1.42244729712719	1.21924054607001	1.29313391256287	0.90519373879401
0.195627950818579	0.704260622759081	0.440162889488523	0.880325778977046	0.733604815814205	0.733604815814205	1.17376770530273	0.733604815814205	1.02704674213989	1.02704674213989	1.02704674213989	1.17376769708635	0.586883852651364	0.586883852651364	0.880325778977046
0.238732414518477	0.859436692008686	0.477464829275686	0.954929658551372	0.954929658551372	0.954929658551372	1.43239448782706	0.795774715459477	1.11408460164327	1.11408460164327	1.27323954473516	1.4323944763679	0.795774715459477	0.795774715459477	0.954929658551372
1.92577481012808	0.185170654772528	1.73319733027074	2.40721851426492	1.82948607084134	1.63690858970014	1.92577481141193	1.73319733027074	1.63690858970014	1.73319733027074	1.54061984912955	1.20360925081351	1.63690858970014	1.92577481141193	1.73319733027074
0.835563450731112	0.447623277126225	1.65371933056423	1.74075719006761	1.56668147106084	1.21853003304732	1.65371933056423	1.04445431404056	0.957416454537183	0.957416454537183	0.696302876027042	1.04445430881829	0.635754799823136	0.664652745238117	0.544932685562688
1.99606824372371	0.641593363938207	0.987066714368005	1.57930674298881	1.49705118333339	1.38189340011521	2.36896011448321	0.987066714368005	0.789653371494404	0.789653371494404	1.77672008586241	2.56637342656033	1.97413342873601	1.77672008586241	1.77672008586241
0.457570461134993	0.152523487044998	1.05593183389385	0.950338650504464	0.950338650504464	0.844745467115079	0.950338650504464	0.633559100336309	0.844745467115079	0.527965916946925	0.527965916946925	0.686355687965664	0.316779550168155	0.392203252619313	0.196101626309657
0.907183174807339	0.302394391602446	1.67996884365445	2.35195638111623	1.51197195928901	2.18395949675079	2.01596261238534	1.17597819055812	1.8479657280199	1.24515337816069	1.6009114862066	1.51197195370311	1.24515337816069	1.34397507492356	1.00798130619267
0.348151437665369	0.139260575158988	0.313336294055501	0.371361533757302	0.208890862599222	0.261113578379584	0.208890862808113	0.313336294212169	0.278521150410817	0.139260575205408	0.313336294212169	0.208890862599222	0.341821411836746	0.379801568707496	0.17407571900676
0.331572797776542	0.132629119199036	0.298415518148096	0.35367765119743	0.198943678665925	0.248679598456747	0.198943678864869	0.298415518297304	0.265258238486492	0.132629119243246	0.298415518297304	0.198943678665925	0.325544201749282	0.361715779721424	0.165786399054058
0.331572797776542	0.132629119199036	0.298415518148096	0.35367765119743	0.198943678665925	0.248679598456747	0.198943678864869	0.298415518297304	0.265258238486492	0.132629119243246	0.298415518297304	0.198943678665925	0.325544201749282	0.361715779721424	0.165786399054058
0.961561114299854	1.48355143297314	1.03848600357077	1.41611727773811	1.25877091354499	1.25877091354499	1.57346364193124	1.10142454935187	1.57346364193124	1.41611727773811	1.10142454935187	0.865405001547722	0.692324002380512	0.519243001785384	1.03848600357077
0.358098621732953	0.2652582383686	0.37136153371604	0.424413181389759	0.298415518110794	0.417781725355112	0.183640318952187	0.367280637904374	0.404008701694811	0.220368382742624	0.293824510323499	0.2652582383686	0.330552574113936	0.318309886157265	0.330552574113936
2.43457326873939	2.12471848886032	2.30947661966526	2.26636638962859	2.54966218833216	2.54966218833216	3.39954958444288	2.97460588638752	2.8034480078873	2.26636638962859	2.26636638962859	2.06569852997572	2.61740683562063	1.69361618775453	2.77137194359832
2.53594677541893	2.20454463976792	2.66504952175398	2.32248324355127	2.75794885171713	2.75794885171713	3.62888006804886	3.19341445988299	3.0147619025665	2.46763844627322	2.61279364899518	2.2861944399072	2.71328571230985	1.8088571415399	2.86402380743817
2.36618637916806	2.06503538524065	2.24460368091062	2.20270441239183	2.47804246394081	2.47804246394081	3.30405661858775	2.89104954126428	2.72469946833991	2.20270441239183	2.20270441239183	2.00767329036966	2.54388417169871	1.64604269933446	2.69352441709275
5.76936667746559	5.50712273624573	5.87239109136874	6.49053752203914	6.79961073737433	5.56331787603355	6.18146430670394	5.56331787603355	6.49053752203914	6.49053752203914	6.79961073737433	5.40878125291229	5.12832594312249	3.87940173746363	4.63609823002796
5.88873288458557	5.62106320665082	5.99388883808672	6.94029233883725	6.62482450525374	5.99388883808672	6.62482450525374	5.67842100450321	6.30935667167023	6.62482450525374	7.25576017242076	5.52068707193806	5.23442923849744	4.26425485412448	4.73201750375267
2.68573966262193	2.98415518069104	3.51212109942025	3.38204254032699	3.38204254032699	3.1941512880866	4.37333087144761	3.67359793201599	3.80479785801885	2.97386499258438	3.67359793201599	3.90235677263089	3.32373146230018	2.27413205315276	4.0234644017318
0.699618603191902	0.83954232346648	1.67908464911577	3.35816929823154	2.9383981359526	1.25931348683683	3.05288118057129	2.67127103299988	2.44866511382437	1.74904650987455	2.28966088542846	0	1.74904650987455	2.28966088542846	0.381610147571411
1.52937953012665	1.22350362410132	1.83525543752842	2.09743478574676	1.57307608931007	1.08755877775434	1.7219680647777	1.26881857404673	1.17818867590053	1.59996627874785	0.847040971101805	1.2235036091134	1.07668318988747	1.17456347987724	1.07668318988747
1.59154942963056	0.879540474101986	2.19885118745382	2.4187363061992	1.83237598954485	1.50551973190967	2.10772762467354	1.43024374531419	1.27969177212322	1.73134769169612	1.20441578552774	2.0889086103254	1.31523876575579	1.35281701616515	1.23787177953486
1.35565906786799	1.20503028254933	1.66946903847436	1.84520262147166	1.40586866397841	0.825183780994928	1.46699338843543	1.00855795454936	0.916870867772142	1.34196554276648	0.575128089757065	1.05440148638539	0.903772712428438	0.903772712428438	0.903772712428438
2.51862697275016	2.23877953133347	2.7376380154459	2.4486651139264	2.97337906691063	2.97337906691063	3.84790232188435	3.32318836890012	3.28516561853509	2.62356976492115	3.14828371790538	2.93839813242652	2.97337906691063	2.09885581193692	3.32318836890012
2.41915513370659	1.13397896849027	3.35263347513145	4.33870214428775	3.54984720896271	3.35263347513145	3.94427467662523	2.76099227363766	2.36656480597514	2.5637785398064	2.36656480597514	3.02394391017817	2.5637785398064	2.76099227363766	2.16935107214388
1.36276419939155	0.170345524889638	2.06764223482316	2.34959344866268	1.97365849687665	1.87967475893014	2.34959344866268	1.50373980714411	1.22178859330459	1.69170728303713	1.40975606919761	2.04414628756062	1.3157723312511	1.26542390016314	1.12780485535809
1.977734218373	1.61641738986783	1.61641739070971	1.65521140815571	1.75866212116544	1.86211283417517	2.37936639922383	1.96556354718491	2.06901426019464	1.44830998213625	1.55176069514598	1.41069153924637	1.79914283479541	1.23691069892185	1.91158926197013
1.52788745276546	0.565884241664385	1.45513090806088	2.54647908910654	2.18269636209132	1.8189136350761	1.90985931710274	2.38732414637843	2.38732414637843	1.90985931710274	2.06901426019464	1.09134817979841	1.75070437401085	2.06901426019464	1.59154943091895
0.872865390637735	0.498780223119135	1.72043033592272	1.9228339048548	1.82163212038876	1.61922855145667	1.9228339048548	1.31562319805855	1.21442141359251	1.21442141359251	0.910816060194379	1.16382051583134	0.910816060194379	0.952216790159932	0.708412491262295
1.42244730277747	1.16382052045429	1.81846956462419	1.89120834720916	1.52751443428432	0.976107534011951	1.72695948325191	1.20136311878394	0.976107534011951	1.39658462553828	0.775880347521264	1.16382050390218	1.04342529490401	1.1236887791274	0.963161810680626
1.15855436454088	0.547095116536456	1.68336959039505	1.85170654943455	1.59920111087529	1.17835871327653	1.68336959039505	1.17835871327653	1.01002175423703	1.17835871327653	0.757516315677771	1.31302827499342	0.700281749576328	0.729460155777065	0.612746530879287
0.976354361452773	2.5385213382541	2.75926232824415	3.86296725954181	3.5870410267174	2.48333609541974	4.49529820997616	3.03518856106857	3.70201029056861	2.64429306469186	2.4176393730584	0	2.64429306469186	2.5962150087145	1.44234167150806
1.92353669370227	0.546329948294401	1.8413342721604	2.19206460971476	1.75365168777181	1.73004483806219	1.82109982953914	1.36582487215436	1.36582487215436	1.73004483806219	1.36582487215436	1.18371487444953	1.45687986363131	1.73004483806219	1.9121548210161
1.66653589359373	1.66653589359373	1.77373995778606	1.68505295998544	1.68505295998544	1.68505295998544	2.16649666283843	1.80541388569869	1.92577481141193	1.44433110855895	1.44433110855895	1.71944179271026	1.60481234266496	1.01356569016346	1.90043566905649
1.38100070331472	0.986429073796226	1.57828651890695	1.31523876575579	1.57828651890695	1.57828651890695	2.23590590178484	1.8413342720581	1.81038747745732	1.31523876575579	1.70981039548253	1.18371488668126	1.57828651890695	1.18371488918021	1.70981039548253
1.13940470560458	0.379801568534859	1.1750111032222	1.1750111032222	1.1750111032222	1.3055678924691	1.95835183870366	1.43612468171602	1.3926057518684	1.04445431397528	1.3055678924691	1.04445431064609	1.35164675934661	0.913897524728374	1.56668147096293
1.05866457606044	0.456040125012051	2.19097538496871	2.44873719496503	1.80433266997423	1.80433266997423	2.31985628996687	1.28880904998159	1.41768995497976	1.28880904998159	1.15992814498344	1.97617386289115	1.15992814498344	1.28880904998159	0.741065203771638
2.1847633081271	1.26486296751809	2.37161806646805	2.76688774421272	2.13445625982124	1.78619162478712	2.2733347951836	1.7050010963877	1.46142951118946	2.00269970046176	1.33513313364117	1.50202476266255	1.66891641705146	1.83580805875661	1.66891641705146
0.60180462803965	0.802406170886702	0.641924937137311	1.92577481141193	1.12336863999029	1.03166507746842	1.03166507746842	1.71944179578069	1.54749761620263	1.54749761620263	1.48136523931974	0	0.687776718312278	0.515832538734208	0.859720897890347
1.91483290747867	1.91483290747867	2.70329351789814	4.08497687178421	3.57435476281118	3.06373265383816	3.3422538049298	3.96892639335414	3.55114466773792	2.92447207931358	3.3422538049298	3.34225380158755	2.71558121650546	2.50669035369735	2.92447207931358
2.0623827996494	2.65163502567948	3.56950869922127	4.04544319245077	3.80747594583602	3.56950869922127	4.28341043906552	3.33154145260652	4.04544319245077	3.56950869922127	3.56950869922127	3.09357419449001	2.96983123761959	2.74984373877294	2.37967246614751
1.33111406876979	0.18302818442756	1.09816910718765	1.83028184531276	1.70826305562524	1.34220668656269	1.50729093163501	1.72261820758287	1.72261820758287	1.50729093163501	1.39962729366108	0.784406504118046	1.29196365568715	1.50729093163501	1.29196365568715
3.59519648131651	3.48457505077752	3.55290005293067	4.44112506616334	4.14505006175245	3.25682504851978	4.14505006175245	3.55290005293067	4.44112506616334	3.84897505734156	4.44112506616334	5.03327506219467	3.55290005293067	1.67775835842706	3.35551671685413
2.05309876465359	1.14061042460478	1.53982407431143	1.28318672867841	1.92478009301761	2.08517843410241	2.40597511627201	1.92478009301761	1.76438175193281	1.12278838759361	1.60398341084801	1.71091563082391	2.22419032956096	1.71091563812381	2.05309876574858
2.03718327035395	1.13176848332877	1.52788745358034	1.27323954473516	1.90985931710274	2.06901426019464	2.38732414637843	1.90985931710274	1.75070437401085	1.11408460164327	1.59154943091895	1.69765271895705	2.20694854406048	1.69765272620037	2.03718327144045
1.97905711715636	1.13795784208289	2.24596942718497	2.5454320174763	1.94650683689364	1.61466991247312	2.15289321663083	1.53778086902202	1.30711373866872	1.81757155486168	1.18537275317066	1.89659638305146	1.54437135837005	1.62565406144216	1.46308865529794
2.02108691818291	1.33391736578851	2.37140865206924	2.62548815050523	2.03263598748792	1.48213040749968	2.17960354044071	1.65649869073494	1.39494626588205	1.9761738766046	1.25756519420293	1.48213038308812	1.5747635578671	1.5747635578671	1.48213040740432
5.75515641896107	5.50920956263261	6.71434916085004	7.83340735432505	8.20642675215005	5.59529096737503	6.71434916085004	6.71434916085004	7.46038795650005	7.16197243856233	7.23083755846425	6.96302874634436	5.96831036520004	4.3104463754055	5.30516476972984
3.09884035909055	4.11564735137242	4.93877682720303	4.93877682720303	5.35034156280328	3.70408262040227	4.7329944594029	4.32142972380265	5.14455919500316	4.58957038503201	4.58957038503201	5.48752978125166	3.9098649882024	2.51780779442699	3.29251788501991
4.11813414544313	4.49250997352143	4.99167775985313	5.7404294238311	5.49084553583844	4.99167775985313	5.7404294238311	4.49250998386782	5.7404294238311	5.24126164784579	5.24126164784579	5.14766767132474	4.63290092069697	3.52982927327127	4.11813415201831
4.06839822610278	4.43825260709494	4.93139179671932	5.67110056622721	5.42453097639125	4.93139179671932	5.67110056622721	4.43825261704738	5.67110056622721	5.17796138655528	5.17796138655528	5.08549777254829	4.57694801116975	3.35044560317567	3.94511343737545
2.48016452819526	2.17014396217085	2.48016452957313	2.54543201734233	2.54543201734233	2.15382709159736	3.13283940595979	2.48016452957313	2.68684490703756	2.34962955446984	2.9370369430873	2.48016452681739	2.15382709159736	1.95802462872487	2.9370369430873
1.79049310824911	0.596831036083038	0.803426395415818	0.964111674498981	1.21853003294578	1.28548223266531	2.08890862808113	1.12479695358214	0.964111674498981	0.803426395415818	1.44616751174847	1.04445430829606	1.7675380699148	1.39260575193803	1.56668147093029
1.9098593158295	0.477464828758432	1.9480565034448	2.86478897565412	2.17723962149713	2.06264806247096	2.52101429857562	1.9480565034448	1.71887338539247	2.17723962149713	1.83346494441863	2.14859172046048	2.17723962149713	2.17723962149713	1.83346494441863
1.73783154660688	1.89581623266205	2.01430474817108	1.96265590865052	1.96265590865052	1.85935822924786	2.39798184346048	2.11022402224522	2.11022402224522	1.63062765355312	1.72654692729154	1.7904931073965	1.65276287044255	0.994718394287505	1.98943678857501
5.6511707323753	5.45851718407865	5.82241833413157	7.1162890750497	7.43975676027923	5.17548296367251	6.46935370459063	6.1458860193611	7.1162890750497	6.55022062615794	6.9266700876873	6.792821374725	5.49895064890204	3.78457191760603	4.94905558456173
0.293994547459866	0.188996494874377	0.309266991577472	0.314994158123961	0.167996884262781	0.240540993449145	0.1511971959373	0.251995326562168	0.277194859218384	0.1511971959373	0.226795793905951	0.188996494756254	0.327593924530818	0.296994491998484	0.226795793905951
0.293994547459866	0.188996494874377	0.309266991577472	0.314994158123961	0.167996884262781	0.240540993449145	0.1511971959373	0.251995326562168	0.277194859218384	0.1511971959373	0.226795793905951	0.188996494756254	0.327593924530818	0.296994491998484	0.226795793905951
0.172417854872538	0.0431044637181346	0.184733415983245	0.193970086820509	0.129313391154404	0.129313391213672	0.14106915410418	0.18809220547224	0.14106915410418	0.11755762842015	0.18809220547224	0.0646566955179333	0.232764104248621	0.2351152568403	0.09404610273612
0.172417854872538	0.0431044637181346	0.184733415983245	0.193970086820509	0.129313391154404	0.129313391213672	0.14106915410418	0.18809220547224	0.14106915410418	0.11755762842015	0.18809220547224	0.0646566955179333	0.232764104248621	0.2351152568403	0.09404610273612
0.172417854872538	0.0431044637181346	0.184733415983245	0.193970086820509	0.129313391154404	0.129313391213672	0.14106915410418	0.18809220547224	0.14106915410418	0.11755762842015	0.18809220547224	0.0646566955179333	0.232764104248621	0.2351152568403	0.09404610273612
2.07972661021377	2.54188807915016	2.1695913414437	2.21351019467117	2.21351019467117	2.37161806571911	2.16291567661886	2.64356360475638	2.523401622722	1.80242973051571	2.16291567661886	2.0652840650542	2.00269970048957	1.44194378441257	2.28307765865324
2.13153941458228	2.34469335604051	2.19885118664371	2.23811638655834	2.23811638655834	2.38732414566223	2.18072878755722	2.63982958493769	2.52505438559257	1.83640318952187	2.18072878755722	1.93092394090148	2.0292255243405	1.49207759148652	2.18072878755722
2.17417020287392	2.60900424344871	2.08262619534969	2.13068680000354	2.13068680000354	2.43507062857548	2.22434336330836	2.57555547330442	2.57555547330442	1.75606054998029	2.22434336330836	2.09263882075194	1.94805650336688	1.40484843998423	2.34141406664038
1.71290507408443	1.08755877700916	1.89445722583579	2.0523286613221	1.49977863712	1.14193671664628	1.71290507496943	1.30507053331004	1.22350362497816	1.6875912068063	1.01255472408378	1.22350360727814	1.39828985701469	1.48568297307811	1.39828985701469
1.77855648780694	0.348736566132034	2.26678768212501	2.87707667346636	2.26678768212501	2.00523525726443	2.44115596536539	1.56931454916347	1.48213040754328	1.91805111564424	1.48213040754328	2.37140863831507	1.74368283240385	1.79652170605862	1.83086697402405
0.278521150225136	0.17904931093362	0.292989781494447	0.2984155182227	0.159154942985792	0.227880941162348	0.143239448782706	0.238732414637843	0.262605656101627	0.143239448782706	0.214859173174059	0.179049310821714	0.310352139029196	0.281363202945932	0.214859173174059
0.470833373156579	0.627777830875439	0.470833373313524	1.17708343328381	0.706250059970285	0.588541716641905	0.588541716641905	0.823958403298666	0.823958403298666	0.588541716641905	0.823958403298666	0	0.470833373313524	0.235416686656762	0.470833373313524
1.93417465477104	0.621698996064154	0.95645999454264	1.53033599126822	1.45063099160212	1.3390439923597	2.29550398690234	0.95645999454264	0.765167995634112	0.765167995634112	1.72162799017675	2.48679595596931	1.91291998908528	1.72162799017675	1.72162799017675
1.55971844144273	0.990297422967689	1.72503422189925	1.86878707372419	1.43752851824938	1.18835690837987	1.48544613547484	1.18835690837987	1.03981229483239	1.61350183675139	0.998834470369906	0.742723060830096	1.22933473276296	1.4111738287011	1.30616815356065
1.79049310823206	0.447623276849125	2.0143047485068	2.68573966467573	2.0143047485068	1.91838547476838	2.20614329598364	1.63062765355312	1.5347083798147	1.82246620102996	1.63062765355312	1.79049309486305	1.72654692729154	1.79049310971751	1.82246620102996
1.79751464991051	0.363782726625453	2.05361216892768	2.46433460271322	1.88932319541347	1.86741799888266	2.03718327150835	1.78253536256981	1.61277008994411	1.86741799888266	1.52788745363126	1.69765271046879	1.61277008994411	1.84400209914444	1.86741799888266
2.00474014593979	2.23385330584398	2.42000775059052	3.53693440470921	3.16462552000298	2.89573576982246	2.89573576982246	3.00711022237943	3.28183387246545	2.89573576982246	2.7104086803129	0	2.08492975408684	1.40331810377707	2.00474014825295
1.2931339102509	0.862089273500603	1.03450712995939	2.06901425991877	1.37934283994585	1.89659640492554	1.55176069493908	1.03450712995939	1.37934283994585	0.923667080246107	1.66260074444299	1.29313390841896	1.29313391234455	1.29313391254083	1.03450712995939
1.52872510999007	0.341715024511959	2.15768629991727	2.57262597297828	2.15768629991727	1.90872249608066	2.48963803836608	1.49378282301965	1.41079488840744	1.90872249608066	1.41079488840744	2.17843326668746	1.57677075763185	1.53771761188676	1.41079488840744
3.58098621240567	4.65528207193762	4.21192188634344	5.76368258131208	4.65528208490591	4.65528208490591	5.09864228346837	4.21192188634344	5.54200248203084	4.65528208490591	5.09864228346837	5.17253563324481	4.33580194168203	3.44835710003704	3.9902417870622
2.44258627858225	1.9540690228658	1.83193970954734	4.03026736100414	2.56471559336627	1.83193970954734	2.56471559336627	2.79787155614522	2.93110353527574	2.56471559336627	2.93110353527574	4.39665528093033	1.46555176763787	1.0991638257284	2.1983276514568
2.81212741194746	3.12458601327495	3.54119748335202	3.82449328219229	3.6120214331816	3.39954958417092	4.52486345151541	3.93466387088297	4.08599709652901	3.34446429025052	4.13139706442711	4.42649684921022	3.6773973868761	2.36079832252978	4.32813025797126
2.32100958462921	2.61113578270787	2.45753956158102	2.51442705162142	2.9012619826401	2.70784451713076	2.57329323749124	3.02740380881323	2.87603361837257	2.27055285660992	2.7246634279319	2.08890862696704	2.21550915089443	1.81644228528794	2.42192304705058
1.76294706139855	1.76294706139855	1.75070437390143	2.22816920314727	2.06901426006532	1.59154943081948	2.06901426006532	1.90985931698338	2.22816920314727	1.90985931698338	2.22816920314727	2.54647908119427	1.59154943081948	0.748964438079508	1.64772176377492
0.557042300450272	0	0.278521150341187	0.371361533839827	0.83556345102356	0.278521150341187	0.974824026194153	0.123787177946609	0	0.278521150341187	0.696302875852966	1.11408459161651	0.83556345102356	0.696302875852966	0.41778172551178
0.547095116604843	0	0.312625780984044	0.410321337607503	0.820642675215005	0.312625780984044	0.937877342952133	0.136773779202501	0	0.312625780984044	0.625251561968088	1.09419022500326	0.781564452460111	0.625251561968088	0.468938671476066
4.43825260830537	4.52044246831719	4.3396247810604	5.96698407395804	5.42453097632549	5.42453097632549	5.69575752514177	4.88207787869294	5.69575752514177	5.42453097632549	6.23821062277432	5.42453096198062	4.76984620313429	4.32267312206557	4.46211419036636
1.90322785712266	2.85484178457377	2.61693830863214	4.04435920424968	3.33064875644091	3.56855223904383	4.04435920424968	2.85484179123506	3.56855223904383	3.09274527383799	3.80645572164675	3.26267632359583	2.96903546302302	3.07444500622137	2.74064811971356
1.15387333587774	2.76929600481425	3.19534154952226	5.05929078674357	3.72789847444263	3.04622561041333	4.70780321609333	3.1731516773658	4.43087361514666	3.1731516773658	3.62645905924222	0	3.46162001167179	2.63742477035798	1.64839048147374
1.6552114069143	1.20622693610175	1.96442672616282	2.1099398169897	1.67340054450907	1.19834310089197	1.94730753894944	1.27323954469771	1.04855021328047	1.54332066019151	0.925992396114907	1.69765270820525	1.19366207307731	1.19366207307731	1.11408460153882
0.799753588396971	0	0.190417521144827	0.499845993085503	0.952087605724135	0.380835042289654	1.14250512686896	0.166615331028501	0	0.333230662057002	0.833076655142505	1.33292263773124	0.999691986171006	0.833076655142505	0.499845993085503
0.631646179843269	0.84219490663315	0.67375592575569	2.02126777726707	1.17907287007246	1.08282202345859	1.08282202345859	1.80470337243098	1.62423303518788	1.62423303518788	1.55482136688931	0	0.721881348972391	0.541411011729293	0.902351686215488
1.18823633595279	1.05621007640248	1.17998469526726	1.17998469526726	0.907680534820966	0.484096285205575	0.871373313370035	0.871373313370035	0.77455405632892	0.933614264253905	0.51867459125217	0	0.726144427753038	0.871373313370035	0.726144427753038
0	1.17376770452022	0.704260623181637	1.40852124636327	1.40852124636327	1.40852124636327	2.11278186954491	0.939014164242183	1.40852124636327	1.64327478742382	1.87802832848437	1.17376770060766	1.17376770530273	1.40852124636327	1.17376770530273
1.13940470550099	0.626672587640997	0.716197243708901	0.835563451065338	1.96954242019948	0.895246554636126	2.32764104205393	0.334225380426135	0.313336294173002	0.783340735432505	1.88001776503801	0.835563447054633	1.41001332377851	1.25334517669201	1.09667702960551
3.27404454290312	3.96663088814674	3.93908484127822	5.37147932901575	4.2971834632126	3.58098621934383	4.2971834632126	4.2971834632126	5.01338070708137	3.93908484127822	5.01338070708137	5.72957793755725	3.58098621934383	1.68516998567889	3.70737396849356
1.63631175825447	1.87007058086225	1.80328234615347	2.40437646153796	2.00364705128163	1.40255293589714	2.00364705128163	2.00364705128163	2.2040117564098	1.80328234615347	2.2040117564098	2.80510586428061	1.60291764102531	0.748028232531908	1.87007058132977
0	1.1638205205836	0.698292312815691	1.39658462563138	1.39658462563138	1.39658462563138	2.09487693844707	0.931056417087588	1.39658462563138	1.62934872990328	1.86211283417517	1.1638205167042	1.16382052135948	1.39658462563138	1.16382052135948
1.64460107784877	2.26132648204206	2.00435756436312	2.62108296878254	2.31272026657283	1.69599486215341	2.15853891546798	2.00435756436312	2.31272026657283	2.15853891546798	2.62108296878254	3.08362700287583	1.54181351086011	1.02787567408621	1.76207258414779
2.92447207833875	1.67112690190786	2.82002664790952	5.0133807073947	3.76003553054603	2.50669035369735	3.44669923633386	4.01070456564838	3.76003553054603	3.44669923633386	3.76003553054603	3.00802841781916	2.82002664790952	2.50669035369735	2.82002664790952
1.4963406693574	1.66260074373045	1.83761134912811	1.66260074464092	1.77344079428365	1.66260074464092	2.12523747378689	1.82163212038876	1.9228339048548	1.51802676699063	1.51802676699063	1.90443357832887	1.55176069499819	0.846414924586606	2.01023544589319
2.09554008299552	1.47920476433691	2.13745088555316	1.93434469288864	2.17613777949972	2.4179308661108	3.0224135826385	2.65972395272188	2.51464810065077	1.93434469288864	2.05524123619418	2.09554008142386	2.38891569561823	1.76025367045554	2.38891569561823
1.15387333591621	0.721170834532955	2.30774667448632	4.03855668035106	3.46162001172948	2.42920702562804	4.32702501466185	2.73285790383155	4.03855668035106	2.42920702562804	2.37562157619498	0	2.73285790383155	2.24364259990835	0.961561114246434
1.24008226368427	1.43086415062506	1.13224902444692	2.58799777016438	2.10274818825856	1.86012339721742	1.86012339721742	2.12585531099519	2.30300992024479	2.12585531099519	2.04613573671595	0	1.2400822647472	0.708618436998398	1.4172368739968
0.795774715282638	1.22776670315018	0.859436692610291	1.17195912640396	1.04174144569241	1.04174144569241	1.30217680711551	0.911523764980855	1.30217680711551	1.17195912640396	0.911523764980855	0.716197242660184	0.572957795073528	0.429718346305146	0.859436692610291
0.602515141102517	0.843521196868707	1.53367490573999	3.45076853791497	2.68393108504498	1.15025617930499	3.16320449342422	2.46027016155217	2.59544984099126	1.75733582968012	2.30051235860998	0	1.75733582968012	2.30051235860998	0.383418726434997
1.69723825893691	0.746038794943932	1.62470671060942	1.77944068304841	1.46997273817042	1.28548223251698	1.49207759143323	1.19366207314658	0.9698504344316	1.31523876573143	1.16050479329244	1.04445430751272	1.20513959298467	1.34286983228991	1.39260575195093
4.61549334781877	4.45065429923732	4.8462680169059	5.53859201932103	5.88475402052859	4.50010601569833	5.53859201932103	5.19243001811346	6.23091602173616	5.53859201932103	6.23091602173616	6.92324000718935	5.10133475435587	3.2967809640464	4.9451714460696
1.62048669256271	1.62048669256271	1.86741799882041	1.90985931710274	1.59154943091895	1.90985931710274	2.38732414637843	1.90985931710274	2.06901426019464	1.75070437401085	1.59154943091895	1.90985931137317	1.86741799882041	1.52788745358034	1.86741799882041
1.27125010692951	0.784722288071151	1.05937508982301	0.971093832337756	0.941666746438714	0.6591667225071	0.830882423445578	0.830882423445578	0.581617696411905	0.617968802396754	0.706250059882004	0.353125028749205	0.847500071794843	1.08014715047925	0.882812574852505
1.16305535246919	0.472491237097349	1.09197974813273	1.4323944875255	1.03948072161417	1.09197974813273	0.854592846602134	1.05180658043339	1.18328240298757	0.854592846602134	0.986068669156308	0.824711976940135	1.11754449171048	1.2370679667035	0.986068669156308
1.71091563743945	1.09987433823871	1.46649911841977	1.39984006764917	1.6331467455907	1.74980008456146	2.33306677941528	1.74980008456146	1.6331467455907	1.16653338970764	1.51649340661993	1.53982406917869	2.07754041776135	1.28318672855009	1.92478009282513
1.15955744111863	1.54607658815818	2.23914540610396	4.29169536169927	3.17212265864729	2.31911488480486	2.89889360600607	3.00626003573487	3.86519147467476	3.00626003573487	2.59740867063635	0	2.00417335715658	1.51515505787121	1.51515505787121
2.30553618848708	1.11159780496271	1.72915214198972	1.59614043889276	2.05218056429069	2.28020062698965	2.73624075238759	1.82416050159172	1.59614043889276	1.14010031349483	1.82416050159172	1.97617387013712	2.47021734569961	1.97617387655969	2.22319561112965
0.136418522611219	0.636619772049271	0.424413181578387	0.742723067762178	0.530516476972985	0.530516476972985	0.848826363156775	0.530516476972985	0.742723067762178	0.742723067762178	0.742723067762178	0.954929650911935	0.424413181578387	0.424413181578387	0.636619772367581
0.870378594598613	0.870378594598613	0.928403834702723	1.04445431404056	0.812353355364882	0.580252396689202	1.04445431404056	0.696302876027042	0.580252396689202	1.04445431404056	0.348151438013521	0	0.379801568707496	0.506402091609994	0.126600522902499
1.35060653036012	0.935035290080488	1.36659004020252	1.51044162338174	1.22273845702331	0.897633879002384	1.27164799525338	1.04723952550278	0.897633879002384	1.32463332833153	0.779196075489138	0.935035279444462	1.09087450568479	1.19684517200318	1.09087450568479
1.66027542620452	3.04383827826194	3.15657303763853	4.05845104839239	3.38204254032699	3.15657303763853	4.05845104839239	2.93110353495006	3.38204254032699	2.82642126595686	3.38204254032699	3.04383826684755	2.8096968795362	2.1741702045822	2.0292255241962
0.50929581733384	1.4551309053585	2.14440344353876	3.21660516530814	2.68050430442345	1.87635301309641	3.5650707250802	2.4124538739811	2.8011269982773	1.7825353625401	1.87635301309641	0	1.7825353625401	1.87635301309641	0.804151291327034
0.971508297080474	2.59068879012765	3.03110589070017	3.73059186547713	3.49742987388481	3.03110589070017	4.2596902312036	3.03110589070017	3.3629133404239	2.80657952866724	3.15740196932674	0	2.33161991592321	2.33161991592321	1.45726244738157
1.6114437963263	2.79316924483847	3.95698977222655	4.88804618922103	4.65528208497241	3.72422566797793	5.58633850196689	3.85264724258965	4.65528208497241	4.054600525765	4.23963189848105	3.4914615099608	3.37106633726595	2.88948543194224	1.99512089340284
1.94964805022977	3.10171280518976	3.86680197115016	4.77663772906785	4.54917878958842	3.86680197115016	5.45901454750611	3.76483761882692	4.54917878958842	3.96218797816922	4.23544232118029	4.54917874455155	3.52953526765024	2.95696621323248	2.11772116059015
0.871373313079578	0.726144427566315	1.03734918265253	1.03734918265253	0.933614264387279	0.518674591326266	1.14108410091779	0.622409509591519	0.518674591326266	0.933614264387279	0.31120475479576	0	0.446858109415948	0.446858109415948	0.111714527353987
4.90254065599051	4.75169325069475	5.6523409929663	6.86355692003051	5.24860235061157	4.44112506590209	5.6523409929663	5.24860235061157	5.6523409929663	5.24860235061157	5.71963076704723	5.88304877920447	4.95701333144093	2.88991870351073	3.97363821732726
1.97135099894412	1.5770807991553	2.31305183960221	3.46957775940332	2.89131479950276	2.02392035965193	2.89131479950276	3.09783728496026	3.09783728496026	2.60218331955249	3.46957775940332	3.25272914049561	2.02392035965193	1.44565739975138	2.60218331955249
2.16848609854283	1.62636457390712	2.52990044956492	3.61414349937846	2.89131479950276	2.16848609962707	2.52990044956492	2.75989139927447	2.89131479950276	2.52990044956492	3.25272914944061	4.33697217756929	1.80707174968923	1.44565739975138	2.52990044956492
0	0	1.14483044261016	3.43449132783047	2.28966088522031	0.839542324473931	3.05288118029375	2.28966088522031	2.44866511362032	1.52644059014688	2.09885581118483	0	1.52644059014688	2.09885581118483	0.419771162236965
3.82966581288294	5.30261419954706	4.95603811702118	5.40658703675038	5.40658703675038	4.50548919729198	5.40658703675038	4.50548919729198	5.40658703675038	5.03327507484977	4.81443702811717	5.1062210636318	4.05494027756278	3.19138818161331	3.28257070098898
3.92913765277889	5.2388502013768	5.23885020952613	5.67542106031997	5.67542106031997	4.58399393333536	5.67542106031997	4.80227935873228	5.67542106031997	5.30964548278728	5.09725966347579	5.61305377008298	4.36570850793844	3.10195078213766	3.61055892829535
0.785827531025091	0.314331012103564	0.285755465953947	0.392913765725374	1.14302186381579	0.571510931907895	1.42877732976974	0.261942510483583	0	0.428633198930921	1.14302186381579	1.5716550441726	1.14302186381579	0.857266397861842	0.571510931907895
0.4420970638003	0.557042300487408	0.636619771985609	0.716197243483811	0.4420970638003	0.618935889320421	0.348151438013521	0.596831036594607	0.646566956310825	0.348151438013521	0.54709511687839	0.530516476796146	0.54709511687839	0.371361533856332	0.54709511687839
0.486306770180331	0.612746530536149	0.700281749184171	0.787816967832192	0.486306770180331	0.680829478252463	0.382966581814873	0.656514140254068	0.711223651941907	0.382966581814873	0.601804628566229	0.58356812447576	0.601804628566229	0.408497687241965	0.601804628566229
0	0.449612713874914	0.963455815941736	0.963455815941736	1.28460775458898	0.963455815941736	2.24806357053072	0.963455815941736	0.843023839084505	1.12403178544601	2.24806357089201	0	1.12403178544601	1.12403178544601	0.843023839084505
1.55176069260673	2.84489460029978	2.95026107450345	3.79319281007586	3.16099400839655	2.95026107450345	3.79319281007586	2.73952814061034	3.28257070089158	2.73952814061034	3.28257070089158	2.84489458998704	2.73109882301995	2.10732933893103	1.75070437380884
2.48963803658776	1.86722852744082	2.17843328357032	3.99379435321225	2.90457771142709	2.17843328357032	2.5415054974987	2.77255145156472	2.90457771142709	2.5415054974987	3.26764992535548	4.3568665453563	1.81536106964193	1.45228885571354	2.5415054974987
2.11448709790631	3.36395674437552	3.81248431837934	5.15806701898382	4.70953945211566	4.03674810181342	5.15806701898382	3.93162445319839	4.62544053317457	4.03674810181342	4.62544053317457	3.70035239820884	4.05845104831966	3.00653634656347	2.62605656067743
2.27713995097833	3.3639567440697	3.93162445307552	5.08798458633303	4.85671255968153	4.16289647972703	5.08798458633303	3.8197186335894	4.77464829198675	4.16289647972703	4.39416850637853	3.70035239728375	4.05845104818874	3.13969296798196	2.77526431981802
0.61672540394146	0.822300538759925	0.657840431446501	1.9735212943395	1.15122075503138	1.0572435504635	1.0572435504635	1.76207258410583	1.58586532569525	1.58586532569525	1.51809330310452	0	0.704829033642334	0.528621775231751	0.881036292052918
1.37138509178663	0.719257915066152	1.51044162326555	1.58236741484962	1.3665900400974	1.047239525419	1.24671372084034	1.1081899740803	0.900404353940245	1.15081266534518	1.00696108217703	0.935035285054673	1.047239525419	1.31597559422036	1.15081266534518
1.43239448694558	1.27323954395163	1.57639181729115	1.77344079445255	1.37934284012976	0.931056417041035	1.34485926905927	1.03450713004559	0.827605704036475	1.30674584840643	0.653372924203215	1.0345071202695	0.919561893266579	0.980059386304823	0.804616656608257
1.74651608474784	1.30988706356088	2.17873471338678	2.34632969133961	1.75974726850471	1.20982624705918	1.98757169159722	1.46907472857186	1.20982624705918	1.78407557164082	1.07044534298449	1.38265854667963	1.29048133010774	1.38265856797257	1.1983040922429
1.67965305749108	1.11976870499406	1.56767618914163	3.13535237828327	2.35151428371245	2.87407301342633	2.35151428371245	1.56767618914163	2.35151428371245	1.67965305965064	2.35151428371245	1.56767618537921	1.82895555399857	1.8443249286623	1.46969642743051
1.78196694931795	1.18797796621197	1.66316915497767	3.32633830995535	2.49475373246651	3.0491434507924	2.49475373246651	1.66316915497767	2.49475373246651	1.78196695160905	2.49475373246651	1.66316915098607	1.94036401414062	1.95666959436761	1.55922108290851
2.21822201573868	1.66366651180401	2.21822201897359	3.69703669828931	2.71116024541216	3.45056758507002	2.95762935863145	1.9717529057543	2.95762935863145	2.08773837065539	2.95762935863145	2.21822201379774	2.21822201897359	2.21822201923238	1.86797643714509
1.43985487362471	0.959903249083139	1.80687670654795	3.16203423645891	2.03273629486644	2.71031505982193	2.25859588318494	1.35515752991096	2.48445547150343	1.43985487542453	2.25859588318494	1.53584519622925	1.58101711822946	1.61667915869048	1.27987100055512
1.94169030475028	0.269679208948148	1.45626772929084	2.4271128821514	1.94169030572112	1.6180752547676	2.26530535667464	1.94169030572112	1.94169030572112	1.94169030572112	1.77988278024436	1.21355643773842	1.94169030572112	1.94169030572112	1.6180752547676
1.96954241977743	1.75070437296043	1.71264558319702	1.75070437401085	1.75070437401085	1.86012339738653	2.40721851426492	2.07896144413788	2.07896144413788	1.42244730388381	1.53186632725949	1.53186632572763	1.79049310962105	1.31302828038877	1.90985931692912
0.633777718906972	0	1.18305174349201	3.54915523047605	2.66186642285703	1.90133315902968	2.85199973854452	2.73011940758248	2.85199973854452	2.73011940758248	2.41987856523638	0	1.36505970379124	1.84851834868253	1.10911100920952
0.662198244323896	0	1.23610339109983	3.7083101732995	2.78123262997462	1.98659473552588	3.09025847774958	2.97989210328882	3.09025847774958	2.97989210328882	2.70397616721969	0	1.32439649035059	2.13940971497013	1.06970485748506
1.11408460104909	0.428494077225492	2.1522088894403	2.40540993525681	1.8990078436238	1.77240732071554	2.27880941234856	1.39260575199078	1.39260575199078	1.39260575199078	1.13940470617428	1.85680765702673	1.13940470617428	1.26600522908253	0.847673066467703
0.733881125663872	1.10082168849581	0.917351408048155	2.75205422414446	1.65123253448668	1.55410120883214	1.74836385993616	2.27044473461961	2.13688916214419	2.06404066783601	1.9814790409657	0	1.032020333918	0.660493013655234	1.10082168942539
0.400097842605906	0.800195685211812	0.800195686056463	2.80068490119762	1.80044029362704	1.69453204095553	1.90634854607497	2.47560540341054	2.32998155631385	2.25055036673685	2.16052835189634	0	1.35033022004211	0.72017611729878	1.44035223459756
0.324941341983482	0	0.835563450993718	0.557042300662479	1.67112690198744	0.974824025950447	1.94964805190089	0	0.278521150331239	0.557042300662479	1.67112690198744	0	0.557042300662479	0.835563450993718	0.557042300662479
0.344835709860022	0	0.886720396972925	0.591146931315284	1.77344079394585	1.03450712958007	2.06901425916013	0	0.295573465657642	0.591146931315284	1.77344079394585	0	0.591146931315284	0.886720396972925	0.591146931315284
1.04113858458453	1.13578754656996	2.40262750601389	4.56499226142638	3.60394125902083	2.24885934552866	4.0844667602236	3.49822564860014	4.0844667602236	3.24835238798585	3.53081781267194	0	2.49873260614296	2.3425618181458	1.04113858584258
0	0	0	0	0	0	0	0	0	0	0	0	0	0	0
2.51464809783437	3.38510320747746	3.85308983170198	4.25867823503903	4.46147243670755	3.2447072266964	4.25867823503903	3.56241814251735	4.61018818443422	4.0558840333705	3.90204015595619	4.7149651549139	3.25170012996349	2.51464810060048	2.51464810060048
3.81971862793024	4.16696577292043	4.62996198029393	5.32445627733802	5.09295817832332	4.62996198029393	5.32445627733802	4.16696578226454	5.32445627733802	4.86146007930863	4.86146007930863	4.36539270609745	4.29718346280974	3.14565063965637	3.47247148522045
7.20971890620148	6.00809908636502	5.47166168114104	7.08097394030017	6.75911148846834	6.43724903663652	6.43724903663652	5.79352413297287	7.08097394030017	6.43724903663652	7.402836392132	6.00809908636502	6.00809910060644	4.50607432598888	4.66145619912739
1.29313391197508	1.03450712958007	1.31664543818598	0.940461027275703	1.31664543818598	1.31664543818598	2.06901426000655	1.50473764364113	1.65521140782467	1.12855323273084	1.69282984909626	0.827605702919208	1.12855323273084	0.940461027275703	1.50473764364113
4.45633840389927	4.29718346041176	4.55761882448995	5.46914258938793	5.77298384435393	3.94993631455795	5.16530133442194	4.86146007945594	5.77298384435393	5.46914258938793	5.81261531266867	5.72957793739354	4.77464829207477	2.78521150410817	4.17781725616225
1.98943678591322	0.994718392956608	1.74075718974121	3.23283478094797	1.98943678827567	2.98415518241351	2.23811638681013	1.49207759120675	2.48679598534459	1.32629119207878	2.23811638681013	1.98943678433825	1.74075718974121	1.76838825647837	1.54733972441857
0	0	1.32794905592502	3.09854779715838	2.2132484265417	1.01177070907747	2.65589811185004	2.2132484265417	2.36079832200516	1.77059874123336	1.5176560636162	0	0.885299370616681	2.02354141815493	0.505885354538733
1.14724187858597	1.37669025333948	1.14724188126287	2.48569074273622	1.72086282189431	2.10327678231526	2.29448376252574	1.33844886147335	2.10327678231526	1.52965584168383	2.22699894582804	1.37669025333948	1.52965584168383	1.81143454947366	1.33844886147335
1.61144379558255	0	1.61144379880544	2.14859173174059	3.22288759761088	3.22288759761088	2.68573966467573	2.68573966467573	0	3.2228875969663	3.2228875969663	0	3.22288758149644	3.22288758149644	2.57831007757304
2.26795793603556	0	1.94396394776529	2.42995493470662	2.91594592164794	3.40193690858926	2.91594592164794	2.91594592164794	0	3.40193690802227	3.40193690802227	0	3.40193690008442	3.40193690008442	2.26795793868152
3.7003524241113	0	2.64310887634755	3.17173065161706	3.17173065161706	3.70035242688657	3.70035242688657	3.70035242688657	0	3.70035242626984	3.70035242626984	0	3.70035241763568	3.70035241763568	2.46690161751323
3.05577490553092	0	3.3422538049298	3.3422538049298	2.86478897565412	3.3422538049298	3.81971863420549	3.3422538049298	0	3.3422538049298	3.27404454313698	0	3.81971862783929	3.81971862783929	2.72837045261415
2.18838046720093	0	2.68076607270411	2.68076607270411	1.91483290907436	2.29779949088924	2.68076607270411	2.18838046720093	0	2.62605656064112	2.62605656064112	0	3.06373265145525	3.06373265145525	2.29779949088924
1.47218322335467	0	1.57733916814289	1.26187133451431	1.84022902919333	1.84022902919333	1.84022902919333	1.76661986761339	0	1.76661986761339	2.20827483451674	0	2.20827483374384	2.20827483374384	1.84022902919333
1.87007058112198	0	1.96357411039626	1.68306352319679	2.18174901130898	2.18174901130898	2.18174901130898	2.40437646067926	0	2.40437646067926	2.80510587079247	0	2.805105867787	2.805105867787	2.45446763738171
2.88269390588715	0	3.16779550192522	2.53423640154018	3.08860061411971	3.43177846013301	3.43177846013301	3.70632073614062	0	3.70632073614062	4.11813415067251	0	4.11813414591378	4.11813414591378	3.29450732101388
2.92447207872868	0	3.48151438013521	2.78521150410817	3.41821411836746	3.79801568707496	3.79801568707496	3.76003552979402	0	3.76003552979402	4.17781725476965	0	4.17781725031331	4.17781725031331	3.71361533757302
4.11813415003191	0	2.57383384531424	3.60336738343994	3.08860061437709	4.11813415250279	4.11813415250279	3.60336738343994	0	4.11813415191449	4.11813415113008	0	4.11813414014839	4.11813414014839	2.94152439422463
1.20692498390661	0	0.905193738835155	1.50865623139192	1.81038747767031	1.50865623139192	1.50865623139192	1.50865623139192	0	1.81038747730823	1.81038747730823	0	1.81038746861837	1.81038746861837	1.50865623139192
1.29976536728405	0	0.974824026437859	1.62470671072977	1.94964805287572	1.62470671072976	1.62470671072976	1.62470671072976	0	1.94964805248579	1.94964805248579	0	1.94964804312748	1.94964804312748	1.62470671072976
1.15387333626237	0	0.865405003062181	1.15387333741624	1.4423416717703	1.15387333741624	1.15387333741624	1.03848600346692	0	1.7308100057782	1.73081000439355	0	1.73080999747031	1.73080999747031	1.73081000612436
1.4125001189989	0	0.847500071964343	1.13000009595246	1.13000009595246	0.565000047976228	1.13000009595246	1.05937508969058	0	1.4125001189989	1.41250011782182	0	1.41250011429057	1.41250011429057	1.41250011994057
2.50669035181733	0	1.79049310978382	2.14859173174059	2.14859173174059	1.43239448782706	2.14859173174059	2.08890862773297	0	2.50669035269468	2.50669035181733	0	2.50669033865721	2.50669033865721	2.50669035327957
0.994718393578307	0	0.426307883281862	0.852615766563725	0.710513138803104	0.568410511042483	0.852615766563725	0.49735919707928	0	0.994718393926459	0.994718393926459	0	0.99471839183755	0.99471839183755	0.852615766563725
1.44565739943012	0	1.18281059979658	1.37994569976268	1.73478887952818	1.73478887952818	1.92754319924017	1.35530381175868	0	2.16848609881389	2.16848609838794	0	2.16848609384444	2.16848609384444	2.16848609881389
1.74075718963242	0	1.6711269024649	1.6711269024649	2.16627561406565	2.16627561406565	2.16627561406565	1.98943678779608	0	2.78521150291451	2.78521150291451	0	2.78521149760934	2.78521149760934	2.43706006548538
1.6288513702989	0	1.56369731587787	1.56369731587787	2.31658861585797	2.02701503887572	2.28039191841847	1.86154442286633	0	2.60616219201286	2.60616219201286	0	2.60616218704874	2.60616218704874	2.60616219201286
1.61641739037296	0	1.55176069514598	1.29313391262165	2.01154164163239	1.72417854997062	1.93970086844755	2.15522318626593	0	2.58626782351912	2.58626782351912	0	2.58626781920867	2.58626781920867	2.21680099211563
0.581910260388787	0	0.387940173786495	0.646566956310825	0.646566956310825	0.25862678252433	0.775880347417814	0.465528208450688	0	0.775880346797109	0.77588034718505	0	0.775880346021229	0.775880346021229	0.465528208450688
0.809037627114122	0	0.606778220537851	0.758472775672314	0.910167330806776	0.606778220537851	1.04019123505915	0.809037627114122	0	1.21355644034757	1.21355644034757	0	1.21355643743503	1.21355643743503	0.809037627114122
1.63133816669193	0	2.44700725003789	2.44700725003789	0.815669083345964	1.63133816669193	2.44700725003789	1.63133816669193	0	1.63133816669193	1.63133816669193	0	2.44700724881439	2.44700724881439	1.63133816669193
0.462544053129549	0	0.308362702240547	0.513937837067579	0.513937837067579	0.205575134827031	0.616725404357749	0.37003524261465	0	0.616725403864369	0.616725404172732	0	0.616725403247644	0.616725403247644	0.37003524261465
0.999691985546199	0	0.761670084796928	0.95208760599616	1.14250512719539	0.761670084796928	0.95208760599616	0.888615098781646	0	1.33292264786145	1.33292264739493	0	1.33292264506232	1.33292264506232	1.33292264839462
0.784406505014511	0	0.610093948518932	0.915140922778398	1.02953353799701	0.514766768998503	1.17660975752177	0.915140922320828	0	1.37271138245171	1.37271138306943	0	1.37271137936311	1.37271137936311	0.915140922320828
0.424413181295445	0	0.254647908947032	0.509295817894065	0.509295817894065	0.254647908947032	0.636619772208426	0.318309886104213	0	0.636619771943168	0.636619771943168	0	0.636619769821102	0.636619769821102	0.318309886104213
1.71091563804777	0	1.79646142014977	1.53982407441409	1.99606824438907	1.99606824438907	1.99606824438907	2.19974867679166	0	2.19974867679166	2.56637345625694	0	2.56637345350725	2.56637345350725	2.24557677462582
