1.16808359869048	0.389361199563494	0.363403786702267	1.27191325345794	0.726807573404535	0.778722400016956	0.584041800012717	0.973403000021195	0.545105680053401	1.36276420002967	1.25793618453219	0	0.778722400016956	0.628968092266094	0.838624123021459
1.21924054461853	0.406413514872844	0.379319281010396	1.32761748353638	0.758638562020792	0.812827030674633	0.609620273005975	1.01603378834329	0.568978921515594	1.42244730368061	1.31302828020513	0	0.812827030674633	0.656514140102565	0.87535218680342
1.18513591399983	0.39504530466661	0.368708951471644	1.29048133015075	0.737417902943287	0.790090610236182	0.592567957677136	0.987613262795227	0.553063427207465	1.38265856791332	1.27630021642317	0	0.790090610236182	0.638150108211584	0.850866810948779
1.69765272552131	1.69765272552131	1.43239448768382	1.81891363524933	1.51576136270778	1.51576136270778	2.12206590779089	2.42521818033244	2.3873241461397	1.364185226437	1.66733749897855	0.397887357033435	1.51576136270778	1.06103295389544	0.909456817624666
1.22776670297479	1.43239448680392	1.63702227156849	1.82304752979598	1.30217680699713	1.0417414455977	1.55176069514598	1.6711269024649	1.43239448782706	0.954929658551372	0.83556345123245	0.23873241439911	0.871892296900301	1.19366207318921	0.596831036594607
1.85017621217129	2.0814482386927	2.00435756431301	2.51623965008157	1.62815506769984	1.33212687357259	1.91870125838563	2.32985152803969	2.05575134827032	1.50755098873156	1.0964007190775	0.308362701855094	1.28089122464224	1.37050089884688	0.685250449423438
1.43239448671297	4.54995895731834	3.06941675919092	4.29718346286729	2.45553340735274	2.14859173143364	3.37635843511001	5.21800849062457	3.9902417869482	2.96357480209423	2.86478897546313	0.954929656110996	1.53470837959546	1.94066349957406	2.49513878516664
0.88471424201304	0.716197243388318	0.826381435284841	1.5701247270412	0.330552574113937	0.773493023395672	0.773493023395672	0.859436692661858	1.03132403119423	0.984771210299038	0.358098621926923	0	0.28025109540787	0.268573966445192	0.186834063605247
1.07540110775397	0.172832320851825	1.07044534305355	1.87327935034372	1.15964912164135	1.33805667881694	1.60566801458033	1.24885290022915	1.33805667881694	1.33805667881694	0.892037785877962	0.691329279388948	0.446018892938981	0.553063427225901	0.892037785877962
1.00414204147783	0.160325199866069	1.04211380017156	2.00406500032993	1.04211380017156	1.12227640018476	1.36276420022435	1.12227640018476	1.28260160021116	1.28260160021116	0.801626000131973	0.545105676928129	0.400813000065986	0.495550618248385	0.801626000131973
0.313336294107724	0.341821411712447	0.70500666197738	2.35002220659127	1.17501110329563	0.940008882636507	1.17501110329563	1.88001776527301	1.17501110329563	0.70500666197738	1.17501110329563	0	0.470004441318253	1.17501110329563	0.70500666197738
1.54228718545353	0.619866619875929	1.11408460164327	2.14859173174059	0.716197243913529	0.981455482372758	1.06324343923716	0.899667525508362	1.06324343923716	1.43012084570117	0.757122800665324	0	0.336499022517922	0.252374266888441	0.504748533776882
1.86773006636211	2.40136722817985	2.07896144387801	2.90298616176393	2.17723962132295	1.63292971599221	2.3519563812469	3.02394391874601	2.61687454496801	1.84796572812256	1.511971959373	0.348916605633399	1.57012472698081	1.34397507499823	0.671987537499114
1.29313391213672	0	1.14945236651936	0.862089274889524	1.72417854977905	1.6164173901709	2.26298434623927	1.6164173901709	1.14945236651936	1.43681545814921	0.862089274889524	0	0.862089274889524	0.574726183259683	0.862089274889524
1.19366207221936	0.367280637452336	0.823215222889114	1.4817874012004	0.57625065602238	0.937877343186602	1.02313891983993	0.852615766533275	1.02313891983993	1.19366207314658	0.767354189879947	0	0.255784729959982	0.265258238466843	0.511569459919965
1.20360925592885	0.437676092826304	0.77374880815658	1.46152552651798	0.429860448975878	0.80240617139192	0.891562412657689	0.713249930126151	0.891562412657689	1.159031136455	0.713249930126151	0	0.178312482531538	0.267468723797307	0.445781206328844
1.53628729738884	0.395045304892351	1.38265856783431	1.10612685426745	1.93572199496803	1.53628729738884	2.45805967582214	1.84354475686661	1.38265856783431	1.65919028140117	0.829595140700586	0	0.829595140700586	0.829595140700586	0.829595140700586
1.27323954431075	1.11408460127191	1.63343231059401	1.6711269024649	1.31302828050814	0.835563451232451	1.31302828050814	1.90985931710274	1.43239448782706	1.19366207318921	1.19366207318921	0	0.795774715371057	1.13083775348816	0.502594557105849
1.35613274320742	4.30771577209074	2.90599873728955	4.06839823220538	2.32479898983164	2.03419911610269	3.19659861101851	4.94019785339224	3.77779835847642	2.80579188439014	2.71226548834357	0.904088493864346	1.45299936864478	1.83734113732822	2.36229574799342
1.27323954420465	0.763943726306337	1.43239448773753	1.49792887615902	1.49792887615902	0.898757325695409	1.34813598854311	1.79751465139082	1.19834310092721	1.34813598854311	0.599171550463606	0	0.636619772327793	0.795774715409741	0.636619772327793
1.06235924386357	0.758828030615655	1.32794905629021	2.65589811258041	1.59353886754825	1.59353886754825	3.03531212882232	2.92148792383846	3.7941401610279	2.78236945142046	2.795682223607	0	1.51765606441116	1.9569775565249	1.6774093341642
0	0.01326291191843	0.01326291191843	0.0238732414566223	0	0	0	0.00918201594760935	0	0	0.027546047842828	0	0	0	0
0	0.0110524265986917	0.0110524265986917	0.0198943678805186	0	0	0	0.00765167995634112	0	0	0.0229550398690234	0	0	0	0
1.30384626335698	4.94375041443627	1.92613652692903	5.00795497001548	2.31136383231484	1.54090922154323	2.69659113770065	3.85227305385806	2.69659113770065	3.08181844308645	3.31630462913731	1.05937508770426	2.21086975275821	1.69500014392869	1.69500014392869
1.51694555039654	0.606778220158615	0.746803963738893	0.933504954673617	1.82033466146186	1.49360792747779	1.49360792747779	1.68030891841251	1.30690693654306	0.746803963738893	1.30690693654306	0	1.12020594560834	0.56010297280417	1.49360792747779
1.1569340071739	3.76003552001793	2.21178560594333	3.09649984832067	1.990607045349	2.43296416653767	3.53885696950934	3.317678408915	3.53885696950934	3.53885696950934	3.981214090698	1.67112689708016	2.73457129452824	2.36345090471206	1.990607045349
1.87635301210886	2.47574355741922	2.22816920285804	2.70563403227233	2.06901425997296	1.59154943074843	2.37671381675975	2.8223476574022	2.45866946552592	1.63399074902233	1.33690152192736	0.297089226787976	1.69033525754907	1.5366684159537	0.922001049572221
0	0	0	0	0.0751565008460511	0	0.0422755317587847	0	0	0	0.126826595276354	0	0	0	0
0	0	0	0	0.0751565008460511	0	0.0422755317587847	0	0	0	0.126826595276354	0	0	0	0
4.19486956849719	2.0974347842486	2.44700725003789	4.07834541672982	2.03917270836491	2.03917270836491	2.03917270836491	3.55928327245881	2.03917270836491	2.44700725003789	2.03917270836491	0	2.44700725003789	1.22350362501895	1.22350362501895
1.52463200944676	2.09636901105968	2.01251425523601	2.45973964528846	1.34167617015734	1.78890156020979	3.13057773036713	3.72687825026936	3.72687825026936	3.13057773036713	3.49394835962752	2.79515865311193	1.94445821743673	1.86343912513468	1.70140094025714
1.07429586530757	0.395793213470881	1.17501110329563	1.80168369171997	1.01834295618955	1.01834295618955	1.33167925040172	1.33167925040172	1.17501110329563	1.25334517684867	0.626672588424338	0.501338068032245	0.323443916595676	0.417781725588373	0.727748812340271
2.73164974042137	3.5511446599254	2.20415875905758	2.93887834541012	1.71434570148923	2.44906528784176	3.67359793176264	4.31210423878002	4.40831751811517	3.31440168966776	3.80479785774708	0	2.28287871464825	2.20415875905758	2.44906528784176
2.72399806005713	3.21927043308214	2.28464353771095	3.42696530656643	1.82771483016876	2.36079832221501	3.77727731554401	4.15174877338828	4.24943697998701	3.19850095279533	3.54119748303584	0	2.44220516081664	2.19798464473497	2.44220516081664
2.6633584976407	3.82430963570738	2.44141195884093	3.32919812569218	1.7755723337025	1.99751887541531	3.551144667405	4.12390993619578	3.99503775083062	3.44353422305231	3.66569772106292	2.36742975323936	2.29106107566432	1.99751887541531	2.29106107566432
1.39260575087037	0.464201916861371	1.20441578556029	1.88189966493795	0.828035852572699	1.08313780712309	1.46997273823848	1.23787177956925	1.31523876579232	1.46997273823848	0.773669862230778	0.696302870282543	0.397887357707002	0.327671941630872	0.636619772331203
1.09419023307291	0.700281748483889	0.318309886125916	0.437676093466239	1.11408460144071	1.27323954450366	1.59154943062958	1.02124421808789	1.02124421808789	0.583568124621652	0.875352186932478	0	0.875352186932478	0.437676093466239	1.02124421808789
1.11905819305536	0.716197242910853	0.325544201749282	0.447623277445956	1.13940470612249	1.30217680699713	1.62772100874641	0.976632605247845	0.976632605247845	0.488316302623923	0.976632605247845	0	0.976632605247845	0.488316302623923	1.13940470612249
1.39026523671304	3.69289203454383	2.03109062122061	2.76966902893719	1.10786761157488	1.66180141736232	2.21573522314976	3.32360283472463	2.95431363086634	1.96954242064284	2.09660967344408	0	1.52480703523205	1.61144379870778	1.61144379870778
3.33031718175568	2.96028193933838	2.41327332156777	4.16289647990048	2.77526431993365	2.77526431993365	2.98874619094684	3.77435947527332	2.88627489285607	2.34830057860109	1.92133683703725	0.462544052821186	2.22021145604313	1.2808912246915	1.06740935390959
0.941666745999269	0.217307710559496	0.678000057571474	1.58200013433344	0.904000076761965	0.565000047976228	1.01700008635721	0.904000076761965	0.904000076761965	0.904000076761965	0.904000076761965	0	0.226000019190491	0.678000057571474	0.678000057571474
1.90101737465813	2.26444716665758	2.39528189314978	2.53468983423873	2.05943549031897	1.5841811463992	2.5969255222326	3.05520649674423	2.69310794887865	1.68036357320933	1.52760324837212	0.329022237717718	1.90101737567904	1.5841811463992	0.950508687839522
0.716197243693161	2.32764104174912	1.74573078193012	2.61859617289518	1.16382052128675	0.581910260643373	1.45477565160843	3.20050643353855	2.32764104257349	0.87286539096506	1.45477565160843	0	0.310352138987816	0.54768024534564	1.64304073603692
1.39828985636549	0.444910408652888	1.33473122729339	2.89191765913569	2.00209684094009	2.22455204548899	2.66946245458679	2.44700725003789	2.44700725003789	1.77964163639119	1.77964163639119	0.815669081170846	0.889820818195597	1.33473122729339	1.33473122729339
1.21661711240314	0.479273407782325	1.58160224697571	2.89960411945547	2.10880299596761	2.63600374495952	2.63600374495952	2.63600374495952	2.37240337046356	1.31800187247976	1.31800187247976	0.753143925732594	1.05440149798381	1.58160224697571	1.31800187247976
1.14629452989273	0.760174267062468	0.920407078983645	1.77001361343009	0.354002722686017	0.802406171397324	0.875352186978898	0.875352186978898	0.948298202560473	1.12838367849115	0.451353471396462	0	0.300902314264308	0.225676735698231	0.376127892830385
1.12734751286971	0.74760940314408	0.905193738835155	1.74075719006761	0.348151438013521	0.789143259473401	0.860883555789165	0.860883555789165	0.932623852104928	1.10973270859874	0.443893083439496	0	0.295928722292997	0.221946541719748	0.369910902866247
1.18418856393877	0.785303994899244	0.950833759280625	1.82852646015505	0.365705292031009	0.828931995245169	0.904289449358366	0.904289449358366	0.979646903471563	1.16568561827599	0.466274247310395	0	0.31084949820693	0.233137123655198	0.388561872758662
1.97078581653798	2.70279197614588	1.97078581863194	2.16786440049513	1.18247149117916	1.97078581863194	2.56202156422152	3.25497528743538	3.25497528743538	2.56202156422152	2.94304015561523	1.57662864317937	1.89195438575265	1.62748764371769	1.62748764371769
1.40207925943644	0.346396052183871	1.08476658581055	1.85959986138951	0.697349948021068	1.03450713006936	1.27323954470075	0.795774715437969	1.03450713006936	1.35281701624455	0.875352186981766	0	0.318309886175188	0.327151827448499	0.557042300806578
1.6256540602655	0.517253564473934	1.22507423300998	2.20513361941797	0.898387770873988	1.17430539088954	1.34206330387376	1.09042643439743	1.25818434738165	1.50982121685798	0.922668521413213	0	0.419394782460551	0.431044637516603	0.587152695444772
0.774071767970516	0.212869736151253	0.6386092091243	1.17078355006122	0.851478945499066	1.06434868187383	1.2772184182486	1.06434868187383	0.851478945499066	1.12036703348949	0.784256923442641	0.851478942816908	0.672220220093693	0.425739472749533	0.6386092091243
2.18174900597582	2.80510586197642	1.3541890415125	2.70837808302501	1.80558538868334	2.03128356226875	2.93407625661043	2.25698173585417	3.15977443019584	3.38547260378126	3.61117077736668	2.18174900209715	3.03886469422675	2.61809881368714	1.80558538868334
0.535339353793039	0	0.552068708850012	1.65620612655003	1.10413741770002	0.736091611800016	1.10413741770002	1.28816032065003	1.10413741770002	0.92011451475002	1.28816032065003	0	0.184022902950004	0.92011451475002	0.552068708850012
1.21355643996328	1.4002574309333	0.520095617554339	1.21355644096012	0.520095617554339	1.27423426293835	1.27423426293835	1.9161417486635	1.4562677290724	1.4562677290724	1.34129922406445	0	0.728133864536201	0.728133864536201	0.910167330670251
1.13921432878038	0.795774714804133	1.13462072333254	1.92012737794738	0.436392585897132	0.992065811906412	0.992065811906412	1.08225361298881	1.17244141407121	1.21287042830631	0.559786351525991	0	0.289889360600607	0.193259573733738	0.386519147467476
0.729460155351547	0.729460155351547	0.291784062335141	0.875352187005424	0.145892031167571	0.729460155837854	0.437676093502712	0.875352187005424	0.437676093502712	0.875352187005424	0.781564452627588	0	0.583568124670283	0.437676093502712	0.583568124670283
0.844089608415751	0.28136320280525	0.39390848411305	0.590862726169575	0.984771210282625	0.7878169682261	0.7878169682261	1.77258817850872	1.31302828021635	0.590862726169575	0.984771210282625	0	1.07429586587029	0.39390848411305	0.984771210282625
0.905193738307125	0.452596869153563	0.952835514563321	1.52453682330131	0.952835514563321	0.762268411650657	0.952835514563321	0.857551963106989	0.762268411650657	0.905193738784866	0.301731246261622	0	0.212986762053803	0.319480143080704	0.532466905134507
0.774071768111257	0.23652192905432	0.448146813442968	1.3444404403289	0.56018351680371	0.784256923525195	0.784256923525195	0.448146813442968	0.784256923525195	1.00833033024668	0.56018351680371	0	0.112036703360742	0.224073406721484	0.56018351680371
0	0	0	0	0.0511569459572828	0	0.0298415518297304	0	0	0	0.0895246554891911	0	0	0	0
1.15387333510849	1.73081000266274	0.461549334874187	1.84619733949675	1.61542267205965	1.38464800462256	1.84619733949675	1.84619733949675	1.38464800462256	2.30774667437093	1.75828318057357	1.53849777860616	1.75828318057357	1.20404174333851	0.839180608953704
2.04794963416898	2.6330781010744	2.27956298670835	3.18309886158326	2.18838046733849	1.79049310964058	2.39469243078083	3.31572798108115	2.86937998351756	2.0262782106607	1.65786399054058	0.382583997405043	1.53033599120937	1.28944977042045	0.92103555030032
1.85763660023969	2.47684880031959	2.36915972321653	3.09606100207652	2.27044473485611	1.85763660124591	2.47684880186762	3.2389561255192	2.77407065798077	1.90526830912894	1.52421464730315	0.381053661444734	1.38703532899039	1.33368781639026	0.95263415456447
2.0866981414852	2.6083726768565	2.34753541033459	2.95615570202493	2.26058965448965	1.7389151188382	2.59038390135774	3.07608088286232	2.6828976120247	1.78088893218345	1.45709094451373	0.335362201155748	1.67681100751544	1.67681100751544	0.83840550375772
1.06861175999657	0.374014115742334	0.935035290197368	0.623356860235471	1.24671372047094	1.40255293529605	1.87007058039474	1.24671372047094	1.12204234857345	1.12204234857345	0.748028232382303	0	0.561021174286727	0.561021174286727	0.561021174286727
1.28816031957656	0.441654966550024	0.602256773290922	1.40526580434549	0.301128386645461	0.630935667227112	0.736091611764964	0.630935667227112	0.841247556302816	1.26187133445422	0.736091611764964	0	0.105155944537852	0.105155944537852	0.420623778151408
0.85794461446129	0.274542276339343	0.411813415085554	0.374375831943606	0.823626830171108	0.960897968532959	1.37271138361851	0.62395971990601	0.571963076641172	0.571963076641172	0.457570461312937	0	0.343177845984703	0.343177845984703	0.686355691969406
1.07429586503473	0.5371479320399	0.402860949567073	0.495828861056483	1.0742958655122	1.0742958655122	1.61144379826829	0.743743291584724	0.805721899287617	0.575515642348298	0.575515642348298	0	0.460412513878638	0.345309385408979	0.805721899287617
1.49207759040137	0.628243195787133	1.09942559372691	2.19885118745382	0.78530399551922	1.04848695615138	1.12913979893225	0.967834113370503	1.04848695615138	1.4091843918812	0.828931995224236	0	0.331572798089694	0.248679598567271	0.497359197134542
1.15760353088851	0.377992989600256	1.15041344734903	1.61057882628864	1.26545479208393	1.15041344734903	1.49553748155373	1.38049613681883	1.03537210261412	1.15041344734903	0.805289413144318	0.881983637087695	0.345124034204708	0.481081987051362	0.805289413144318
1.14889974494198	0.375150937046871	1.14176372218099	1.59846921105338	1.25594009439909	1.14176372218099	1.48429283883528	1.37011646661719	1.02758734996289	1.14176372218099	0.799234605526692	0.875352181169743	0.342529116654296	0.477464829253983	0.799234605526692
1.46649911660411	0.855457817693174	1.18448005696826	3.94826685656088	2.76378679959262	0.427728909416892	1.97413342828044	2.99410236591825	2.76378679959262	2.56637345650135	1.53982407349019	0	1.28318672825068	1.39984006701288	1.86645342268384
1.84354475543274	0.691329283104843	1.03699392588869	3.80231106159188	2.41965249374029	0.737417902795804	2.07398785177739	3.31838056258112	3.45664641962898	2.94967161118321	2.12716702688106	0	1.47483580559161	1.58018122013375	1.58018122013375
3.382042538589	3.0438382847301	2.3527252453994	4.05845104850513	2.48016452964202	2.93110353503148	2.9137597273747	3.67966228413743	2.59740867115584	2.28938264293726	1.66500555849983	0.450939004900941	2.1645072259632	1.24875416887487	1.45687986368735
1.46494890507505	3.58098621001835	1.94484596380728	3.6118567899278	2.50051623918078	2.22268110149403	3.6118567899278	3.88969192761455	3.88969192761455	4.16752706530131	4.44536220298806	1.79049310500917	2.87757821163872	2.59910290113141	1.88001776508501
1.93373255605268	1.45029941703951	0.920825027801126	2.5322688264531	1.84165005560225	1.69201598849191	1.69201598849191	2.28994645045195	1.69201598849191	2.28994645045195	1.99060704488062	0	1.01775397797865	1.07429586557188	1.61144379835782
0.104897576061996	0.104897576061996	0.0961561114032754	0.384624445613101	0.192312222806551	0.0961561114032754	0.128208148601804	0.128208148601804	0.0641040743009023	0.128208148601804	0.0641040743009023	0	0	0.0641040743009023	0.0641040743009023
0.104897576061996	0.104897576061996	0.0961561114032754	0.384624445613101	0.192312222806551	0.0961561114032754	0.128208148601804	0.128208148601804	0.0641040743009023	0.128208148601804	0.0641040743009023	0	0	0.0641040743009023	0.0641040743009023
0.106706154959617	0.106706154959617	0.097813975392987	0.391255901571948	0.195627950785974	0.097813975392987	0.130418633922525	0.130418633922525	0.0652093169612627	0.130418633922525	0.0652093169612627	0	0	0.0652093169612627	0.0652093169612627
0.524487880309981	0	0.480780557256767	1.60260185752256	0.961561114513534	0.641040743009023	0.961561114513534	1.12182130026579	0.961561114513534	0.961561114513534	1.12182130026579	0	0.160260185752256	0.801300928761279	0.480780557256767
0.987613262442508	0.230443094512308	0.526727073566035	1.5801812206981	0.92177237874056	0.658408841957543	0.92177237874056	0.92177237874056	0.790090610349052	0.92177237874056	0.92177237874056	0	0.131681768391509	0.658408841957543	0.526727073566035
1.47786732758446	0.689671419336893	1.17430539092128	2.18085286885381	0.754910608449396	1.1207160575743	1.29313391258573	1.03450713006858	1.20692498508001	1.50742467519853	0.798048357458044	0	0.354688158870242	0.266016119152681	0.532032238305363
3.3979580326334	2.42711288045242	2.42711288199971	3.99759768824937	2.2843415361425	2.2843415361425	2.56988422816031	3.64066932299956	2.56988422816031	2.85542692017812	1.99879884412468	0	1.99879884412468	0.856628076053437	1.14217076807125
2.32305003420908	2.32305003420908	2.20205784543552	4.08953599866597	1.57289846102537	1.88747815323045	1.57289846102537	3.01996504496738	2.20205784543552	1.57289846102537	1.57289846102537	0	1.57289846102537	0.943739076615223	2.20205784543552
0.659000935910379	0.527200748464703	0.439333957493253	0.790801123487855	0.0878667914986505	0.38341872650471	0.38341872650471	0.38341872650471	0.479273408130887	0.316320449331878	0.316320449331878	0	0.105440149777293	0.0958546816261775	0
0.525211311888128	0.291784062108198	0.404008701601578	1.21202610480473	0.606013052402368	0.606013052402368	0.492385605190551	1.14889974544462	0.656514140254068	0.492385605190551	0.492385605190551	0	0.164128535063517	0.492385605190551	0.492385605190551
1.08225361237554	4.05845104594444	2.95160076252682	4.42740114379023	2.21370057189512	1.47580038126341	2.95160076252682	4.79635123910608	4.05845104847438	2.21370057189512	2.47036150788419	0	1.15955744236102	1.69102127035139	2.36742977849194
2.56094771996206	1.70729847997471	1.67681100757533	3.68898421666572	1.67681100757533	2.01217320909039	1.34144880606026	2.88927435129215	2.34753541060546	1.67681100757533	1.67681100757533	0	1.67681100757533	1.0060866045452	2.01217320909039
1.83312389523139	4.99017060154679	2.94063625285377	3.20796682129502	2.67330568441252	2.40597511597126	4.27728909506003	4.81195023194253	4.81195023194253	3.88844463200531	4.147674274139	1.22208259367842	2.13864454753001	2.51605240902534	2.33306677920319
0.948298201719936	0.258626782242192	0.90519373879401	1.81038747758802	1.16382052130658	1.29313391256287	1.68107408633173	1.29313391256287	1.16382052130658	1.35471171785556	0.948298202498896	0.711223648563595	0.812827030713339	0.517253565025148	0.775880347537722
0.391255901637157	0	0.440162889488523	0.440162889488523	0.733604815814205	0.440162889488523	0.733604815814205	0.733604815814205	0.733604815814205	0.586883852651364	0.293441926325682	0	0.146720963162841	0.146720963162841	0.146720963162841
0.477464829036953	0	0.636619772367581	0.477464829275686	0.954929658551372	0.636619772367581	0.954929658551372	0.954929658551372	0.954929658551372	0.795774715459477	0.477464829275686	0	0.318309886183791	0.318309886183791	0.159154943091895
0.802406170886701	0.185170654772528	0.57773244342358	1.34804236798835	0.674021183994177	0.674021183994177	0.86659866513537	0.86659866513537	0.86659866513537	0.962887405705967	0.770309924564773	0	0.0962887405705967	0.481443702852983	0.57773244342358
0.974824025852964	0.29841551808415	1.13149217354394	1.47964361155746	1.21853003304732	0.957416454537183	1.3055678925507	1.21853003304732	0.870378595033803	1.13149217354394	0.435189297516901	0.522227154409146	0.272466342781344	0.474751960884369	0.726576914083584
1.42576303123122	0.962390045907311	0.789653371494404	1.1844800572416	2.13864454761912	1.57930674298881	1.77672008586241	1.97413342873601	1.1844800572416	0.987066714368005	1.1844800572416	0	1.1844800572416	0.789653371494404	1.38189340011521
0.610093948179991	0.152523487044998	0.633559100336309	0.739152283725695	0.739152283725695	0.844745467115079	0.950338650504464	0.844745467115079	0.633559100336309	0.844745467115079	0.316779550168155	0.686355687965664	0.21118636677877	0.196101626309657	0.392203252619313
1.20957756640978	0.604788783204892	0.839984421827226	1.67996884365445	1.00798130619267	1.34397507492356	1.67996884365445	1.51197195928901	1.34397507492356	1.77879054022956	1.24515337816069	1.51197195370311	0.88939527011478	0.503990653096336	0.671987537461781
0	0.0464201917196627	0	0.0464201917196627	0	0	0	0.0348151438013521	0	0	0.104445431404056	0	0	0	0
0	0.0442097063996788	0	0.0442097063996788	0	0	0	0.0331572798108115	0	0	0.0994718394324346	0	0	0	0
0	0.0442097063996788	0	0.0442097063996788	0	0	0	0.0331572798108115	0	0	0.0994718394324346	0	0	0	0
0.576936668579912	0.741775716486569	1.03848600357077	0.786731820965619	0.786731820965619	0.629385456772495	0.944078185158743	0.944078185158743	0.944078185158743	0.944078185158743	0.314692728386248	0	0.173081000595128	0.346162001190256	0.519243001785384
0	0	0	0	0.0596831036221588	0	0.0367280637904374	0	0	0	0.110184191371312	0	0	0	0
1.5492738982887	1.65255882466914	1.84758129573221	1.98307059092502	1.55812689286966	1.13318319481429	1.98307059092502	2.54966218833216	2.21324842727945	1.27483109416608	1.13318319481429	0.295099789996531	1.38568597179916	1.38568597179916	0.769825539888422
1.61378431163023	1.95959523534926	2.03797904604716	2.32248324355127	1.88701763538541	1.30639682449759	2.32248324355127	2.90310405443909	2.4118095220532	1.45155202721954	1.45155202721954	0.326599205701028	1.65811904641157	1.50738095128325	0.904428570769949
1.50575496856149	1.60613863296495	1.7956829447285	1.92736636084285	1.51435928351938	1.10135220619591	1.92736636084285	2.47804246394081	2.15107852763677	1.23902123197041	1.10135220619591	0.286810470052808	1.34676220854637	1.34676220854637	0.748201226970208
2.1635125040496	6.29385455570941	3.39980536868717	4.01795179935756	2.78165893801677	1.85443929201118	4.01795179935756	4.63609823002796	4.32702501469276	3.70887858402236	4.01795179935756	1.08175625058246	1.92312222867093	2.08890862786503	2.16351250734638
2.20827483171959	6.42407223617236	3.47014616941863	4.41654967016916	2.8392105022516	1.89280700150107	3.78561400300214	4.73201750375267	4.41654967016916	3.78561400300214	4.10108183658565	1.10413741438761	2.29006279184263	2.13212742706224	2.20827483508458
2.38732414455283	2.68573966262193	2.34141406628016	3.1941512880866	2.44258627912505	2.06680377464427	2.79893175772647	3.32373146230018	2.8988936061096	1.92426558343695	1.74933234857904	0.390235677263089	1.92426558343695	1.57439911372114	1.04959940914743
1.3992372063838	0.83954232346648	1.25931348683683	3.77794046051048	2.09885581139471	0.419771162278943	1.90805073785705	2.67127103299988	2.79847441579929	2.44866511382437	1.52644059028564	0	1.04942790592473	1.14483044271423	1.52644059028564
1.07056567108865	0.764689765063324	0.9613242768006	1.83525543752842	0.699144928582255	0.815669083315754	1.08755877775434	1.08755877775434	0.996928879608143	1.03527229801332	0.470578317278781	0	0.29364086996931	0.39152115995908	0.68516202992839
1.45892031049468	0.439770237050993	1.2460156728905	1.90567102912664	0.879540474981527	1.12913979893225	1.50551973190967	1.20441578552774	1.27969177212322	1.50551973190967	0.752759865954836	0.696302870108468	0.386834931104644	0.318309886156507	0.696302875988359
0.903772711911997	0.753143926593331	0.966534706485156	1.58160224697571	0.615067540490554	0.641809607440499	0.916870867772142	0.916870867772142	0.733496694217713	0.862692134635597	0.38341872650471	0	0.301257570809479	0.401676761079306	0.401676761079306
1.95893208991679	1.95893208991679	2.19011041235672	2.4486651139264	2.09885581193692	1.74904650994743	2.79847441591589	3.32318836890012	2.7376380154459	1.57414185895269	1.74904650994743	0.419771161775217	1.92395116094217	1.57414185895269	0.874523254973716
1.2095775668533	0	1.77492360448135	2.36656480597514	1.77492360448135	1.97213733831262	2.5637785398064	2.36656480597514	2.16935107214388	1.77492360448135	1.38049613681883	0.755985977544543	0.591641201493785	1.18328240298757	0.986068669156308
1.05992771063787	0.170345524889638	1.12780485535809	1.97365849687665	1.12780485535809	1.22178859330459	1.59772354509062	1.22178859330459	1.22178859330459	1.3157723312511	0.845853641518564	0.681382095853539	0.375934951786029	0.486701500062744	0.845853641518564
1.36920061271977	1.13149217290748	1.40089507194842	1.34485926912652	1.13795784310705	0.827605704077856	1.44830998213625	1.86211283417517	1.34485926912652	0.931056417087588	0.931056417087588	0.235115256541062	0.899571417397707	1.12446427174713	0.562232135873566
0.254647908794244	0	0.545674090522831	1.27323954455327	0.727565454030441	0.545674090522831	0.636619772367581	1.27323954473516	0.795774715459477	0.636619772367581	0.636619772367581	0	0.159154943091895	0.636619772367581	0.318309886183791
1.16382052085031	0.33252014874609	1.11321962912646	1.51802676699063	1.21442141359251	1.01201784466042	1.41682498252459	1.41682498252459	1.01201784466042	1.21442141359251	0.607210706796253	0.581910257915669	0.303605353398126	0.423207462293303	0.708412491262295
0.905193738131115	0.64656695580794	1.16382052135948	1.74573078203923	0.800126608434646	0.825937144163959	1.12627792385994	0.976107534011951	1.05119272893595	1.08623248652977	0.543116243264885	0	0.240790452670156	0.321053936893542	0.561844389563698
1.02982610181412	0.410321337402342	1.26252719279628	1.68336959039505	1.26252719279628	1.01002175423703	1.26252719279628	1.17835871327653	0.841684795197523	1.09419023375678	0.420842397598762	0.437676091664473	0.350140874788164	0.547095116832799	0.700281749576328
1.46453154217916	1.90389100369057	1.65555739694649	3.03518856106857	1.65555739694649	2.20740986259532	3.43758098409942	3.5870410267174	4.23086890350698	2.90872237116105	3.022049216323	0	1.58657583881512	2.01927834011128	2.01927834011128
1.18371488843217	0.546329948294401	0.701460675108724	1.57828651899463	0.263047753165771	0.728439931815658	0.728439931815658	0.637384940338701	0.819494923292615	1.09265989772349	0.728439931815658	0	0.0910549914769572	0.0910549914769572	0.364219965907829
1.11102392906249	1.11102392906249	1.39365282397476	1.5646920342722	1.20360925713246	0.842526479992721	1.44433110855895	1.80541388569869	1.44433110855895	0.962887405705967	0.962887405705967	0.343888358542053	0.802406171332483	1.14026140143389	0.380087133811298
0.986429073796226	0.789143259036981	0.789143259453473	1.05219101260463	1.05219101260463	0.920667136029052	1.31523876575579	1.8413342720581	1.39260575189025	0.657619382877894	1.18371488918021	0.394571628893752	1.05219101260463	1.05219101260463	0.657619382877894
0.759603137069717	0.379801568534859	0.652783946234553	0.783340735481464	1.04445431397528	0.783340735481464	0.913897524728374	1.69723826020984	1.25334517668156	0.652783946234553	1.1750111032222	0	0.983015824979354	0.913897524728374	0.783340735481464
1.05866457606044	0.228020062506025	1.28880904998159	1.93321357497239	1.41768995497976	1.41768995497976	1.67545176497607	1.41768995497976	1.03104723998528	1.15992814498344	0.902166334987117	0.988086931445575	0.644404524990798	0.515523619992638	0.86457607106691
1.36547706757944	0.790539354698809	1.10675509768509	2.0554023242723	0.711485419940414	1.1366673975918	1.21785792599122	0.974286340792973	1.21785792599122	1.41857895449374	0.751012387673158	0	0.333783283410293	0.250337462557719	0.584120745968012
0.902706942059475	0.802406170886702	0.320962468568656	1.12336863999029	0.320962468568656	0.859720897890347	0.515832538734208	1.03166507746842	0.515832538734208	1.03166507746842	0.925853274574837	0	0.687776718312278	0.515832538734208	0.687776718312278
1.91483290747867	1.53186632598294	2.16263481431851	3.57435476281118	1.27655527243257	1.78717738140559	1.6711269024649	2.50669035369735	1.46223603965679	1.6711269024649	1.04445431404056	0	1.25334517684867	0.83556345123245	1.04445431404056
2.0623827996494	2.65163502567948	1.42780347968851	2.14170521953276	1.90373797291801	1.66577072630326	2.85560695937701	2.37967246614751	3.33154145260652	3.33154145260652	3.33154145260652	2.06238279632668	2.22737342821469	2.5206900938752	1.66577072630326
0.332778517192447	0	0.366056369062552	0.854131527812621	0.488075158750069	0.366056369062552	0.430654551895717	0.753645465817504	0.538318189869646	0.430654551895717	0.430654551895717	0	0.107663637973929	0.430654551895717	0.107663637973929
1.07855894439495	2.32305003385168	1.77645002646533	2.664675039698	1.18430001764356	0.592150008821778	1.18430001764356	2.96075004410889	2.07252503087622	0.888225013232667	1.48037502205444	0	0.296075004410889	0.279626393071177	1.39813196535589
1.53982407349019	1.14061042460478	1.19764094668667	1.28318672867841	1.60398341084801	1.28318672867841	1.44358506976321	2.08517843410241	1.44358506976321	0.962390046508805	1.12278838759361	0	1.19764094668667	0.684366255249526	1.19764094668667
1.52788745276546	1.13176848332877	1.18835690834026	1.27323954473516	1.59154943091895	1.27323954473516	1.43239448782706	2.06901426019464	1.43239448782706	0.954929658551372	1.11408460164327	0	1.18835690834026	0.679061090480149	1.18835690834026
1.360601768045	0.711223651301806	1.12298471359249	1.94650683689364	0.748656475728323	1.07644660831541	1.15333565176652	0.999557564864314	1.15333565176652	1.34342245359341	0.632198801691018	0	0.325130812288432	0.243848109216324	0.568978921504756
1.48213040666747	0.889278243859007	1.27039749217995	2.11732915363325	0.8469316614533	1.04620969941154	1.39494626588205	1.2205779826468	1.39494626588205	1.34739127950314	0.628782597101463	0	0.277899451388311	0.370532601851081	0.648432053239392
1.27892364865802	5.50920956263261	3.35717458042502	4.47623277390003	2.61113578477502	2.23811638695001	3.73019397825002	5.59529096737503	4.10321337607502	3.58098621928117	3.44325598022107	0.994718392334909	1.86509698912501	1.98943678864869	2.32100958675681
1.54942017954528	4.11564735137242	2.46938841360152	3.08673551700189	1.44047657460088	1.85204131020114	2.67517078140164	3.70408262040227	3.08673551700189	2.19501192327618	2.39455846175583	1.09750595625033	1.44047657460088	1.9367752264823	2.13045274913053
1.76491463376134	4.49250997352143	2.49583887992656	2.74542276791922	2.49583887992656	2.49583887992656	4.24292609587516	4.24292609587516	4.74209387186047	3.9933422078825	4.24292609587516	1.02953353426495	2.31645046034849	2.58854146706559	1.93794548330273
1.74359923975833	4.43825260709494	2.46569589835966	2.71226548819562	2.46569589835966	2.46569589835966	4.19168302721142	4.19168302721142	4.68482220688335	3.94511343737545	4.19168302721142	1.01709955450966	2.28847400558487	2.63249297392374	1.97255671868773
2.17014396217085	2.48016452819526	1.86012339717985	2.74123448021482	1.95802462872487	1.76222216585238	2.54543201734233	3.10020566196641	2.68684490703756	1.95802462872487	1.56641970297989	0.413360754469565	1.76222216585238	0.783209851489947	0.979012314362435
1.19366207216608	0.596831036083038	0.482055837249491	0.642741116332654	1.39260575193803	1.12479695358214	1.28548223266531	1.44616751174847	1.12479695358214	0.482055837249491	0.964111674498981	0	0.964111674498981	0.522227156976762	1.39260575193803
0.954929657914752	0.238732414379216	0.687549354156988	1.71887338539247	1.03132403123548	0.687549354156988	1.14591559026165	1.03132403123548	0.916732472209317	0.916732472209317	1.03132403123548	0	0.229183118052329	0.687549354156988	0.687549354156988
1.26387748844137	1.26387748844137	1.45477565145689	1.75606054984521	1.13627447342925	0.929679114623932	1.43878910607629	1.72654692729154	1.43878910607629	1.05511201112261	0.863273463645772	0.223811638424562	0.723083755818614	0.895246554858754	0.497359197143752
1.5412283815569	4.36681374726292	2.91120916706578	4.52854759321344	2.58774148183625	1.94080611137719	3.23467685229532	5.17548296367251	3.88161222275438	3.11915267912283	3.01159569029883	0.970403053532143	1.61733842614766	2.03784641717248	2.62008825065033
0	0.0314994158123961	0	0	0.0419992210656951	0	0.0251995326562168	0	0	0	0.0755985979686503	0	0	0	0
0	0.0314994158123961	0	0	0.0419992210656951	0	0.0251995326562168	0	0	0	0.0755985979686503	0	0	0	0
0.0862089274362692	0.0431044637181346	0.0738933663932981	0.129313391213672	0	0.0646566956068362	0.02351152568403	0.04702305136806	0.04702305136806	0.04702305136806	0.02351152568403	0	0	0	0
0.0862089274362692	0.0431044637181346	0.0738933663932981	0.129313391213672	0	0.0646566956068362	0.02351152568403	0.04702305136806	0.04702305136806	0.04702305136806	0.02351152568403	0	0	0	0
0.0862089274362692	0.0431044637181346	0.0738933663932981	0.129313391213672	0	0.0646566956068362	0.02351152568403	0.04702305136806	0.04702305136806	0.04702305136806	0.02351152568403	0	0	0	0
1.15540367234098	1.38648440680918	1.33513313319612	1.73918658152735	1.10675509733559	1.10675509733559	1.20161982034381	1.32178180237819	1.08145783830943	0.720971892206286	0.360485946103143	0.187753096823109	0.500674925122393	0.360485946103143	0.360485946103143
1.06576970729114	1.27892364874937	1.25648639236784	1.64128535014279	1.04445431372723	1.04445431372723	1.14775199345117	1.26252719279628	1.03297679410605	0.688651196070701	0.344325598035351	0.175538540081952	0.477464829256588	0.344325598035351	0.344325598035351
1.30450212172435	1.52191914201175	1.44181813524209	1.82630297143161	1.21753531428774	1.21753531428774	1.28777773665221	1.40484843998423	1.17070703332019	0.819494923324134	0.468282813328077	0.190239892795631	0.608767657302149	0.468282813328077	0.468282813328077
1.10115326191142	0.815669082756869	1.02616433066105	1.81552150809263	0.394678588715789	0.897235991650652	0.978802899982529	1.06036980831441	1.14193671664628	1.18131384476441	0.506277362041889	0	0.349572464253673	0.262179348190255	0.349572464253673
0.889278243903471	0.174368283066017	1.1333938410625	1.91805111564424	1.04620969944231	1.1333938410625	1.48213040754328	1.1333938410625	1.2205779826827	1.39494626592308	0.871841416201927	0.592852159578768	0.435920708100963	0.538956511817586	0.784657274581734
0	0.02984155182227	0	0	0.039788735746448	0	0.0238732414637843	0	0	0	0.0716197243913529	0	0	0	0
0.627777830875439	0.627777830875439	0.117708343328381	0.588541716641905	0.117708343328381	0.470833373313524	0.353125029985143	0.588541716641905	0.470833373313524	0.470833373313524	0.470833373313524	0	0.353125029985143	0.470833373313524	0.470833373313524
1.38155332483646	0.932548494096231	0.765167995634112	1.14775199345117	2.07232998800303	1.53033599126822	1.72162799017675	1.91291998908528	1.14775199345117	0.95645999454264	1.14775199345117	0	1.14775199345117	0.765167995634112	1.3390439923597
1.00267614092747	0.742723067225767	0.790640685037157	1.65315779598678	0.287505703649875	0.668450760963679	0.742723067737421	0.742723067737421	0.891267681284905	0.998834470369906	0.384167103988426	0	0.230500262393055	0.222816920321226	0.30733368319074
0.895246554116031	0.223811638424562	0.863273463645772	1.63062765355312	0.959192737384191	0.959192737384191	1.24695055859945	1.05511201112261	1.05511201112261	1.15103128486103	0.863273463645772	0	0.383677094953676	0.497359197143752	0.767354189907352
1.19834309994034	0.363782726625453	0.90358935432818	1.56074524838504	0.657155894056858	0.933708999441329	1.10347427206702	0.848826363128481	1.10347427206702	1.18835690837987	0.763943726815633	0	0.254647908938544	0.263428871306349	0.509295817877089
2.00474014593979	1.86154442153665	1.48923553882493	2.2338533082374	0.744617769412466	1.73744146189348	1.93049051321497	2.60616219272884	3.08878482114396	1.93049051321497	2.50191570490421	0	1.66794380326947	1.80426613342766	1.80426613342766
0.862089273500603	0.862089273500603	0.344835709986462	1.03450712995939	0.689671419972923	0.689671419972923	1.03450712995939	0.862089274966154	0.689671419972923	1.10840049629533	1.10840049629533	1.29313390841896	1.10840049629533	0.484925217202811	0.344835709986462
1.22298008799205	0.17085751225598	1.16183108457084	2.07469836530506	1.07884314995863	1.16183108457084	1.49378282301965	1.16183108457084	1.32780695379524	1.57677075763185	0.829879346122026	0.726144422229153	0.414939673061013	0.427143781079656	0.829879346122026
1.19366207080189	3.87940172661468	2.21680099281234	3.10352138993727	1.9951208935311	2.43848109209357	3.54688158849974	3.3252014892185	3.76856168778097	3.76856168778097	4.21192188634344	1.72417854441494	2.96660132851928	2.58626782502778	1.9951208935311
2.9311035342987	1.46555176714935	1.83193970954734	3.29749147718521	2.1983276514568	1.83193970954734	1.46555176763787	2.79787155614522	2.1983276514568	2.1983276514568	1.83193970954734	0	1.83193970954734	0.732775883818935	1.46555176763787
2.49966881061996	2.81212741194746	2.21324842709501	3.39954958417092	2.33719033911751	2.12471849010683	2.55753151607393	3.34446429025052	3.06449782239675	2.16406512898563	1.96733193544148	0.442649684921022	1.83869869343805	1.37713235480904	0.983665967720742
1.45063099039326	1.74075718847191	1.43356474425559	2.12759212060274	1.35392225856538	1.35392225856538	1.51370190440661	1.66507209484727	1.36233171396595	0.908221142643968	0.454110571321984	0.232100958551893	0.633002614541265	0.454110571321984	0.454110571321984
0.587649020466183	1.17529804093237	0.954929658491689	1.43239448773753	0.477464829245844	0.159154943081948	0.318309886163896	1.43239448773753	0.954929658491689	0.477464829245844	0.636619772327793	0	0.159154943081948	0.299585775231803	0.748964438079508
0.742723067267029	0.371361533014579	0.278521150341187	0.247574355893218	0.696302875852966	0.83556345102356	1.11408460136475	0.618935889733044	0.557042300682373	0.41778172551178	0.41778172551178	0	0.41778172551178	0.41778172551178	0.557042300682373
0.729460155473123	0.364730077189467	0.312625780984044	0.273547558405002	0.683868896012504	0.781564452460111	1.09419023344415	0.683868896012504	0.625251561968088	0.468938671476066	0.468938671476066	0	0.468938671476066	0.312625780984044	0.468938671476066
1.47941753610179	3.61635397465375	2.1698123905302	3.79717168342785	2.44103893934647	2.1698123905302	3.52594513461157	3.79717168342785	3.79717168342785	4.06839823224412	4.3396247810604	1.80817698732687	2.80579188419664	2.54274889533269	2.09981844252535
1.2688185714151	2.14113133843033	0.951613930411689	2.61693830863214	1.66532437822045	1.66532437822045	2.61693830863214	2.1411313434263	2.37903482602922	3.09274527383799	2.61693830863214	1.63133816179791	2.28387343309463	1.75682571784078	1.37032405985678
2.88468333969436	2.76929600481425	1.86394923722132	3.99417693690282	1.86394923722132	2.21543680757333	2.76929600946666	3.46162001167179	3.87701441325333	2.88468334305982	3.29678096294748	0	2.59621500875384	1.64839048147374	1.97806857776849
1.01859163502419	0.804151290734502	1.16410472661501	1.81891363533595	0.873078544961254	0.898757325668975	1.19834310089197	1.04855021328047	1.04855021328047	1.08032446213406	0.617328264076604	0	0.318309886153949	0.397887357692436	0.636619772307898
1.06633811786263	0.666461321864697	0.380835042289654	0.333230662057002	0.761670084579308	0.952087605724135	1.33292264801379	0.666461324114004	0.666461324114004	0.499845993085503	0.499845993085503	0	0.499845993085503	0.499845993085503	0.666461324114004
0.947469269764904	0.84219490663315	0.336877962877845	1.17907287007246	0.336877962877845	0.902351686215488	0.541411011729293	1.08282202345859	0.541411011729293	1.08282202345859	0.971763354305821	0	0.721881348972391	0.541411011729293	0.721881348972391
0.660131297751552	0.660131297751552	0.453840267410483	0.907680534820966	0.181536106964193	0.484096285205575	0.484096285205575	0.58091554224669	0.58091554224669	0.414939673001736	0.207469836500868	0	0.207469836500868	0.19363851408223	0.103734918250434
0.880325778756965	0.391255901506739	1.17376770530273	0.704260623181637	1.17376770530273	1.17376770530273	1.64327478742382	1.17376770530273	1.17376770530273	1.64327478742382	0.469507082121091	0	0.469507082121091	0.469507082121091	0.704260623181637
1.59516658770139	0.940008881461496	0.716197243708901	0.835563451065338	1.79049310927225	1.61144379834503	2.32764104205393	1.33690152170454	1.25334517669201	1.09667702960551	1.09667702960551	0	0.940008882519006	0.470004441259503	1.41001332377851
1.22776670358867	2.64442059209782	2.1485917316063	3.58098621934383	1.43239448773753	1.07429586580315	1.43239448773753	3.93908484127822	2.50669035354068	1.43239448773753	1.79049310967192	0	0.716197243868767	0.674067994271557	2.02220398281467
0.701276467823345	1.16879411303891	1.20218823076898	1.60291764102531	0.601094115384491	0.400729410256327	0.400729410256327	1.60291764102531	1.00182352564082	0.601094115384491	0.801458820512654	0	0.200364705128164	0.374014116265954	0.935035290664885
0.872865390801397	0.387940173527868	1.16382052135948	0.698292312815691	1.16382052135948	1.16382052135948	1.62934872990328	1.16382052135948	1.16382052135948	1.62934872990328	0.465528208543794	0	0.465528208543794	0.465528208543794	0.698292312815691
0.616725404193289	1.85017621257987	1.3876321599437	1.85017621325827	0.462544053314566	0.770906755524277	0.770906755524277	2.15853891546798	1.3876321599437	0.462544053314566	0.616725404419422	0	0.34262522463558	0.587357528049263	1.02787567408621
2.92447207833875	1.67112690190786	2.19335405948518	3.76003553054603	1.56668147106084	1.88001776527301	1.88001776527301	3.34225380470698	2.50669035369735	2.50669035369735	2.19335405948518	0	1.88001776527301	1.25334517684867	0.940008882636507
0.997560446238269	0.997560446238269	1.34758165602728	1.55176069499819	1.10840049642728	0.886720397141824	1.21442141359251	1.41682498252459	1.31562319805855	0.809614275728337	0.708412491262295	0.21160373092543	0.55420024821364	0.952216790159932	0.423207462293303
1.39702672199701	1.29430416879479	1.50878886039046	1.57165506297202	1.32986197636094	1.2089654330554	1.8134481495831	2.17613777949972	1.88598607548808	1.08806888974986	1.2089654330554	0.261942510177983	1.25732405032539	1.38305645535792	0.880126835227771
1.73081000387431	0.721170834532955	1.15387333724316	3.17315167741869	2.01927834017553	1.21460351281402	2.59621500879711	3.03650878203505	3.46162001172948	3.03650878203505	2.71499608707998	0	1.82190526922103	1.60260185707739	1.60260185707739
1.24008226368427	1.43086415062506	0.646999442541096	1.29399888508219	0.485249581905822	1.18371488913836	1.35281701615813	1.77154609249599	1.2400822647472	1.2400822647472	1.30208637791015	0	0.708618436998398	0.531463827748799	0.885773046247997
0.477464829169583	0.613883351575092	0.859436692610291	0.651088403557754	0.651088403557754	0.520870722846203	0.781306084269304	0.781306084269304	0.781306084269304	0.781306084269304	0.260435361423101	0	0.143239448768382	0.286478897536764	0.429718346305146
1.20503028220503	0.843521196868707	1.15025617930499	3.83418726434997	2.30051235860998	0.383418726434997	1.75733582968012	2.81173732748819	2.59544984099126	2.46027016155217	1.53367490573999	0	1.05440149780807	1.15025617930499	1.53367490573999
1.04445431319194	0.596831035955146	0.77366986219496	1.54733972438992	0.154733972438992	0.56239847672618	0.52222715700163	0.52222715700163	0.596831036573292	0.77366986219496	0.38683493109748	0	0.160685279064623	0.149207759143323	0.232100958658488
0.923098669563754	3.46162001051791	2.42313400845295	3.80778201328321	1.73081000603782	1.03848600362269	2.42313400845295	4.15394401449077	3.46162001207564	1.73081000603782	2.07697200724539	0	0.728762107765125	0.989034289213921	1.97806857842784
1.38898859362518	0.694494296812591	1.69765272620037	1.59154943091895	1.43239448782706	0.795774715459477	1.27323954473516	1.75070437401085	1.11408460164327	1.27323954473516	0.636619772367581	0	0.679061090480149	0.848826363100187	0.679061090480149
0.706250059405286	0.62777783045692	0.529687544911503	0.882812574852505	0.0941666746438714	0.376666698575486	0.249264727033673	0.332352969378231	0.332352969378231	0.353125029941002	0.264843772455752	0	0.0941666746438714	0.0830882423445578	0
0.232611070493839	0.0944982474194699	0.167996884328113	0.557042300704361	0.18899649483894	0.0839984421640563	0.0657379112770872	0.0657379112770872	0	0.262951645108349	0.262951645108349	0	0	0	0.0657379112770872
1.19764094620761	0.916561948532255	1.22208259868314	1.16653338970764	1.28318672867841	0.933226711766114	1.28318672867841	1.86645342353223	1.51649340661993	0.933226711766114	1.16653338970764	0	1.09987433881483	1.02654938284007	1.02654938284007
2.31911488223726	1.93259573519772	1.30616815356065	2.23914540610396	1.49276360406931	1.73933616360364	1.93259573733738	2.80584270001922	2.70563403227233	2.4050080285879	2.38095794808332	0	1.40292135000961	1.29870433531818	1.51515505787121
1.64681156320506	1.11159780496271	1.48213040741976	1.59614043889276	2.05218056429069	1.82416050159172	1.82416050159172	2.50822068968862	1.36812037619379	1.14010031349483	1.36812037619379	0	0.988086938279843	0.494043469139921	1.2351086728498
0.409255567833658	0.159154943012318	0.424413181578387	0.424413181578387	0.530516476972985	0.424413181578387	0.636619772367581	0.636619772367581	0.530516476972985	0.530516476972985	0.212206590789194	0	0.106103295394597	0.106103295394597	0.212206590789194
0.696302875678891	0.522227156759168	0.696302876027042	1.1605047933784	0.812353355364882	0.464201917351361	0.696302876027042	0.696302876027042	0.580252396689202	0.812353355364882	0.11605047933784	0	0.126600522902499	0.379801568707496	0.506402091609994
0.727249670193911	0.584397056300305	0.719257915896065	1.36659004020252	0.21577737476882	0.59842258600159	0.59842258600159	0.673225409251788	0.822831055752186	0.857115683038052	0.311678430195655	0	0.233758822646741	0.224408469750596	0.155839215097827
1.66027542620452	2.28287870869646	1.80375602150773	2.48016452957313	1.57828651881926	2.0292255241962	3.15657303763853	3.38204254032699	3.60751204301546	3.04383828641508	3.38204254032699	1.52191913342377	2.34141406628017	1.95675318412398	1.80375602150773
1.01859163466768	0.727565452679248	1.34025215221172	2.4124538739811	1.60830258265407	1.60830258265407	3.0557749072116	2.94855473486579	3.5650707250802	2.8011269982773	2.68050430442345	0	1.5278874536058	1.87635301309641	1.60830258265407
1.45726244562071	1.94301659259574	2.09845792433089	2.79794389910785	1.39897194955392	1.86529593273857	3.13871911772897	3.49742987388481	3.81130178581375	3.02247026164164	3.40027904389033	0	1.63213394114624	2.09845792433089	1.94301659650876
2.14859172843506	2.79316924483847	2.32764104248621	3.02593335523207	1.86211283398896	2.09487693823758	3.72422566797793	4.33422814791336	4.42251798072379	3.37883377147084	3.74085167513033	0	2.16711407395668	2.16711407395668	2.49390111675355
2.43706006278721	3.10171280518976	2.27458939479421	2.95696621323248	1.59221257635595	2.04713045531479	3.41188409219132	4.23544232118029	4.09426091062958	3.30182331514102	3.76483761882692	2.27458937227578	2.11772116059015	2.04713045531479	2.35302351176683
0.580915542053052	0.435686656539789	0.829879346122026	1.24481901918304	0.829879346122026	0.518674591326266	0.829879346122026	0.726144427856772	0.726144427856772	0.933614264387279	0.207469836530506	0	0.111714527353987	0.335143582061961	0.446858109415948
0.980508131198102	2.6398295837193	2.82617049648315	4.44112506590209	1.21121592706421	1.21121592706421	1.61495456941894	4.44112506590209	2.82617049648315	1.61495456941894	3.05046974242519	0	0.381308717803149	1.08371951381652	1.80619918969421
2.75989139852177	1.97135099894412	2.02392035965193	3.18044627945304	2.31305183960221	2.02392035965193	2.31305183960221	3.09783728496026	1.85870237097616	2.02392035965193	2.02392035965193	0	2.31305183960221	0.86739443985083	1.15652591980111
3.25272914781425	2.16848609854283	2.16848609962707	3.61414349937846	2.16848609962707	2.16848609962707	2.16848609962707	3.15416159917082	1.80707174968923	2.16848609962707	2.16848609962707	0	2.16848609962707	1.08424304981354	1.08424304981354
0.699618603075299	0.839542323298571	1.14483044261016	3.81610147536719	2.67127103275703	0.419771162236965	1.90805073768359	2.67127103275703	2.44866511362032	2.28966088522031	1.2593134867109	0	1.14483044261016	1.2593134867109	1.67908464894786
1.4361246798311	4.1242554885366	2.25274459864599	2.70329351837519	2.02747013878139	2.25274459864599	3.60439135783358	4.28021473742738	3.82966581769818	3.28257070098898	3.50140874772158	1.27655526590795	2.02747013878139	2.12759212107554	2.18838046732599
1.3097125509263	4.19108016110144	2.40113967936614	3.05599595555691	1.9645688285723	2.18285425396922	3.49256680635075	4.36570850793844	3.71085223174767	3.18578728967237	3.39817310898386	1.1226107540166	1.9645688285723	2.06796718809177	2.12385819311491
0.982284413781364	0.628662024207127	0.285755465953947	0.392913765725374	1.00014413083882	1.14302186381579	1.57165506274671	0.785827531450747	0.857266397861842	0.571510931907895	0.714388664884869	0	0.571510931907895	0.428633198930921	0.714388664884869
0.0884194127600601	0.0795774714982012	0	0.0795774714982012	0.17683882552012	0.0884194127600601	0.0497359197162173	0	0	0	0.149207759148652	0	0	0	0.0497359197162173
0.0972613540360661	0.0875352186480213	0	0.0875352186480213	0.194522708072132	0.0972613540360661	0.054709511687839	0	0	0	0.164128535063517	0	0	0	0.054709511687839
0.749354523349663	0	0.963455815941736	0.642303877294491	1.28460775458898	0.963455815941736	1.60575969323623	1.28460775458898	0.843023839084505	1.12403178544601	0.562015892723003	0	0.562015892723003	0.281007946361502	0.562015892723003
1.55176069260673	2.13367095022484	1.68586347114483	2.31806227282414	1.47513053725172	1.89659640503793	2.95026107450345	3.16099400839655	3.28257070089158	2.95026107450345	3.28257070089158	1.42244729499352	2.27591568584996	1.89659640503793	1.75070437380884
3.73445705488165	1.86722852744082	2.17843328357032	3.63072213928386	1.81536106964193	1.81536106964193	1.81536106964193	3.16863023035968	1.81536106964193	2.17843328357032	1.81536106964193	0	2.17843328357032	1.08921664178516	1.08921664178516
2.11448709790631	4.03674809325062	2.01837405090671	3.1396929680771	2.01837405090671	2.24263783434079	3.58822053494526	3.93162445319839	4.16289647985712	3.36395675151118	3.46908039988093	1.85017619910442	2.62605656067743	2.08144823992856	2.38732414607039
2.27713995097833	4.03674809288365	2.08144823986351	3.00653634646952	2.08144823986351	2.31272026651501	3.46908039977252	3.8197186335894	4.29718346278808	3.46908039977252	3.46908039977252	1.85017619864187	2.62605656059272	2.46690161770011	2.31272026651501
0.92508810591219	0.822300538759925	0.32892021572325	1.15122075503138	0.32892021572325	0.881036292052918	0.528621775231751	1.0572435504635	0.528621775231751	1.0572435504635	0.948808314440329	0	0.704829033642334	0.528621775231751	0.704829033642334
0.748028231883617	0.431554749039691	0.719257915840738	1.43851583168148	0.143851583168148	0.523619762709501	0.55409498704015	0.55409498704015	0.623356860420169	0.719257915840738	0.359628957920369	0	0.149605646488429	0.138523746760038	0.215777374752221
0.795774714969769	0.795774714969769	0.788195908645577	1.47786732871046	0.591146931484183	0.517253565022797	0.724154991031916	0.724154991031916	0.620704278027357	0.762268411570418	0.217790974734405	0	0.229890473316645	0.326686462101608	0.344835709974967
1.16434405649856	0.87325804237392	1.25696233464622	2.01113973543395	0.921772378740561	0.950577765546497	1.2962424075634	1.12341008655495	1.20982624705918	1.15964912156653	0.535222671492247	0	0.276531713594515	0.368708951459353	0.645240665053868
1.11976870499406	1.11976870499406	0.522558729713878	1.56767618914163	1.04511745942776	1.30639682428469	1.56767618914163	1.30639682428469	0.783838094570817	1.3997108830422	1.30639682428469	1.56767618537921	1.56767618914163	0.922162464331149	0.734848213715255
1.18797796621197	1.18797796621197	0.554389718325891	1.66316915497767	1.10877943665178	1.38597429581473	1.66316915497767	1.38597429581473	0.831584577488836	1.48497245967421	1.38597429581473	1.66316915098607	1.66316915497767	0.978334797183808	0.779610541454255
1.10911100786934	1.10911100786934	0.98587645287715	1.9717529057543	0.98587645287715	1.72528379253501	1.9717529057543	1.72528379253501	1.47881467931572	1.82677107432347	1.47881467931572	1.47881467586516	1.47881467931572	1.10911100961619	0.933988218572545
1.43985487362471	1.43985487362471	0.903438353273976	1.80687670654795	1.12929794159247	1.35515752991096	1.58101711822946	1.58101711822946	1.12929794159247	1.67983068799528	1.35515752991096	1.53584519622925	1.35515752991096	1.01042447418155	1.06655916712926
0.48542257618757	0	0.485422576430281	1.45626772929084	0.970845152860562	0.647230101907041	0.809037627383801	0.970845152860562	0.809037627383801	0.647230101907041	0.970845152860562	0	0.16180752547676	0.809037627383801	0.485422576430281
1.31302827985162	1.2254930610723	1.37011646655762	1.42244730388381	0.984771210381102	0.875352187005424	1.53186632725949	1.86012339738653	1.42244730388381	0.875352187005424	0.765933163629746	0.218838046532518	0.71619724384842	1.1936620730807	0.47746482923228
1.90133315672092	0.633777718906972	0.887288807619011	2.95762935873004	2.36610348698403	0.633777719676559	1.26755543935312	2.04758955568686	1.5844442991914	2.04758955568686	1.61325237682426	0	0.682529851895619	0.739407339473011	1.10911100920952
1.98659473297169	0.662198244323896	0.927077543324875	3.09025847774958	2.47220678219967	0.662198245175294	1.23610339109983	1.98659473552588	1.54512923887479	2.31769385811353	1.54512923841125	0	0.662198245175294	1.06970485748506	1.06970485748506
1.11408460104909	0.214247038612746	1.26600522908253	1.77240732071554	1.39260575199078	1.26600522908253	1.64580679780729	1.51920627489904	1.13940470617428	1.26600522908253	0.886203660357772	0.928403828513364	0.379801568724759	0.506402091633012	0.847673066467703
1.10082168849581	1.10082168849581	0.366940563219262	1.65123253448668	0.733881126438524	0.971313255520089	0.582787953312053	1.44482846748521	0.777050604416071	1.65123253426881	1.32098602731047	0	1.032020333918	0.880657351540312	1.10082168942539
1.20029352781772	0.800195685211812	0.400097843028231	1.60039137211293	0.800195686056463	1.27089903071665	0.847266020477764	1.5753852567158	0.847266020477764	1.5753852567158	1.44035223459756	0	0.900220146694742	0.72017611729878	1.2002935288313
0.974824025950447	0	0.835563450993718	0.557042300662479	1.3926057516562	1.62470670991741	1.94964805190089	1.29976536793393	0.835563450993718	1.11408460132496	0.835563450993718	0	0.557042300662479	0.557042300662479	0.835563450993718
1.03450712958007	0	0.886720396972925	0.591146931315284	1.47786732828821	1.72417854930011	2.06901425916013	1.37934283944009	0.886720396972925	1.18229386263057	0.886720396972925	0	0.591146931315284	0.591146931315284	0.886720396972925
2.08227716916907	1.13578754656996	1.20131375300694	3.60394125902083	1.92210200481111	1.49923956368577	2.1623647554125	3.24835238798585	2.88315300721666	2.74860586675726	2.44441233184981	0	1.74911282430007	1.30142323230322	1.82199252522451
0	0	0	0	0	0	0	0	0	0	0	0	0	0	0
2.09554008152864	2.90151703498068	2.02794201668525	2.23073621835378	1.01397100834262	1.82514781501673	2.4335304200223	3.1433101257506	3.1433101257506	2.4335304200223	2.81814011263502	1.57165505163797	1.95102007797809	1.46687805868361	1.46687805868361
2.18269635881728	4.16696577292043	2.08348289113227	2.54647908916166	2.31498099014696	2.08348289113227	3.70396958423514	3.93546768324984	4.39846388127923	3.70396958423514	3.93546768324984	1.09134817652436	2.14859173140487	2.47158264544429	1.85198479211757
1.80242972655037	6.00809908636502	2.57489961465461	4.82793677747739	2.25303716282278	2.25303716282278	3.86234942198191	4.50607432564556	4.18421187381374	4.18421187381374	4.50607432564556	1.0013498477275	3.33783283367024	2.10283468546148	2.17534622625945
1.29313391197508	1.03450712958007	0.752368821820563	0.940461027275703	0.940461027275703	0.752368821820563	1.31664543818598	1.50473764364113	1.65521140782467	0.752368821820563	1.12855323273084	0	1.12855323273084	0.752368821820563	0.752368821820563
0.891267680779853	3.34225380254248	2.43073003972797	3.94993631455795	2.12688878476198	1.51920627482998	2.73457129469397	4.25377756952395	3.34225380462596	2.12688878476198	2.32504612506747	0	0.954929658414953	1.39260575205408	1.94964805287572
1.49207758943491	0.994718392956608	0.994718394137836	1.98943678827567	1.49207759120675	1.98943678827567	2.23811638681013	1.98943678827567	1.74075718974121	1.8568076689103	1.49207759120675	1.32629118955883	1.49207759120675	1.32629119235878	1.32629119235878
0.885299369399394	0.885299369399394	0.885299370616681	3.09854779715838	3.09854779715838	0.505885354538733	1.32794905592502	1.77059874123336	1.9673319350043	2.2132484265417	1.01177070907747	0	0.44264968530834	1.5176560636162	1.01177070907747
1.14724187858597	1.37669025333948	0.382413960420957	1.52965584168383	0.956034901052393	0.956034901052393	1.33844886147335	1.14724188126287	1.33844886147335	1.72086282189431	1.82209004658657	1.37669025333948	1.33844886147335	0.905717274736829	0.764827920841915
0	0	2.14859173174059	2.14859173174059	1.07429586587029	1.61144379880544	3.22288759761088	2.14859173174059	0	1.28915503878652	1.93373255817978	0	0	3.22288758149644	1.93373255817978
0	0	2.42995493470662	1.94396394776529	0.971981973882647	1.45797296082397	2.91594592164794	1.94396394776529	0	1.13397896934076	1.70096845401114	0	0	1.70096845004221	1.70096845401114
1.85017621205565	0	3.17173065161706	2.11448710107804	1.05724355053902	1.58586532580853	2.64310887634755	2.64310887634755	0	1.85017621313492	0.616725404378307	0	0	0	2.46690161751323
2.29183117914819	0	3.81971863420549	2.38732414637843	1.43239448782706	1.43239448782706	2.86478897565412	2.86478897565412	0	1.90985931710274	1.09134818104566	0	1.2732395426131	0	2.72837045261415
1.75070437376075	0	2.68076607270411	1.91483290907436	1.14889974544462	1.14889974544462	1.53186632725949	1.75070437376075	0	1.75070437376075	0.437676093440187	0	1.53186632572763	0	1.91483290907436
1.47218322335467	0	1.89280700177147	1.26187133451431	0.736091611677334	1.104137417516	1.104137417516	0.883309933806695	0	1.32496490071004	0	0	1.65620612530788	0.55206870843596	1.104137417516
2.18174901130898	0	2.24408469759572	1.68306352319679	0.623356860373995	1.24671372074799	1.24671372074799	1.20218823033963	0	1.60291764045284	0	0	2.10382940084025	0.701276466946749	1.40255293564669
2.88269390588715	0	3.48457505211775	2.21745685134766	1.0295335380399	1.3727113840532	2.05906707607981	1.64725366050694	0	1.64725366050694	0	0	2.47088048754827	0.823626829182756	1.64725366050694
2.92447207872868	0	3.82966581814873	2.43706006609465	1.13940470612249	1.51920627482998	2.27880941224497	1.67112690213067	0	1.67112690213067	0	0	2.50669035018799	0.835563450062662	1.39260575158988
1.64725366001276	0	3.08860061437709	2.0590670762514	1.0295335381257	1.54430030718855	2.57383384531424	2.57383384531424	0	1.76491463653478	0.686355691855013	0	0	0	2.35321951537971
0	0	0.60346249255677	1.50865623139192	0.60346249255677	1.20692498511354	1.50865623139192	1.50865623139192	0	0.724154990923293	1.44830998184658	0	0	1.81038746861837	1.20692498511354
0	0	0.649882684291906	1.62470671072977	0.649882684291906	1.29976536858381	1.62470671072976	1.62470671072976	0	0.779859220994315	1.55971844198863	0	0	1.94964804312748	1.29976536858381
0	0	0.28846833435406	1.15387333741624	0.865405003062181	0.576936668708121	0.865405003062181	1.03848600346692	0	0.34616200115564	1.73081000439355	0	0	1.73080999747031	0.576936668708121
0	0	0.282500023988114	1.13000009595246	0.565000047976228	0.282500023988114	0.565000047976228	1.05937508969058	0	0	1.41250011782182	0	1.41250011429057	1.41250011429057	0.282500023988114
0.626672587954333	0	1.07429586587029	2.14859173174059	1.07429586587029	0.716197243913529	1.43239448782706	1.67112690218638	0	0	1.25334517590867	0	2.50669033865721	2.50669033865721	0.417781725546595
0.248679598394577	0	0.426307883281862	0.568410511042483	0.568410511042483	0.284205255521242	0.426307883281862	0.663145596105706	0	0.596831036355875	0.994718393926459	0	0.99471839183755	0.99471839183755	0.426307883281862
1.68660029933515	0	1.57708079972878	0.985675499830488	0.86739443976409	1.08424304970511	0.963771599620084	0.542121524703473	0	1.35530381175868	0.309783728341134	0	1.4456573958963	0.722828697948148	0.813182287055209
2.43706006548538	0	1.94964805287572	1.39260575205408	0.928403834599567	1.54733972433261	1.23787177946609	0.79577471511843	0	1.98943678779608	0.397887357559215	0	1.85680766507289	0.928403832536447	1.39260575170593
2.28039191841847	0	2.08492975450383	1.30308109656489	1.15829430792898	1.44786788491123	1.30308109623912	0.744617769146531	0	1.86154442286633	0.372308884573266	0	1.73744145803249	0.868720729016247	1.1169266537198
2.26298434652214	0	2.06901426019464	1.29313391262165	0.862089274985312	1.14945236664708	0.969850434223775	0.862089274506374	0	1.72417854901275	0	0	1.72417854613912	0.862089273069558	1.10840049605781
0.193970086796262	0	0.646566956310825	0.25862678252433	0.51725356504866	0.387940173786495	0.620704277934251	0.465528208450688	0	0.775880346797109	0.77588034718505	0	0.775880346021229	0.775880346021229	0.465528208450688
0.809037627114122	0	0.910167330806776	0.455083665403388	0.606778220537851	0.758472775672314	0.693460823372764	0.404518813557061	0	0.970845152278054	0.728133864208541	0	1.21355643743503	1.21355643743503	0.606778220335591
0.815669083345964	0	2.44700725003789	1.63133816669193	0.815669083345964	0.815669083345964	1.63133816669193	1.63133816669193	0	0.815669083345964	0.815669083345964	0	1.22350362440719	0	1.63133816669193
0.154181351043183	0	0.513937837067579	0.205575134827031	0.411150269654063	0.308362702240547	0.493380323486199	0.37003524261465	0	0.616725403864369	0.616725404172732	0	0.616725403247644	0.616725403247644	0.37003524261465
0	0	0.380835042398464	0.95208760599616	0.571252563597696	0.380835042398464	0.761670084796928	0.888615098781646	0	0.266584529572291	1.33292264739493	0	0.666461322531158	1.33292264506232	0.380835042398464
0.784406505014511	0	1.06766440990813	0.610093948518932	0.686355691998004	0.686355691998004	0.980508131268139	0.686355691740621	0	1.02953353683878	1.09816910645554	0	1.37271137936311	1.37271137936311	0.686355691740621
0.212206590647723	0	0.509295817894065	0.127323954473516	0.509295817894065	0.381971863420549	0.47746482915632	0.318309886104213	0	0.636619771943168	0.636619771943168	0	0.636619769821102	0.636619769821102	0.47746482915632
1.99606824438907	0	2.05309876588545	1.53982407441409	0.570305212682591	1.14061042536518	1.14061042536518	1.09987433839583	0	1.46649911786111	0	0	1.92478009013044	0.641593363376813	1.28318672835761
