0.778722399126988	0.778722399126988	0.181701893351134	1.81701893351134	1.45361514680907	1.55744480003391	0.973403000021195	1.75212540003815	1.81701893351134	1.94680600004239	1.88690427679828	0	0.389361200008478	0	0.628968092266094
0.812827029745688	0.812827029745688	0.189659640505198	1.89659640505198	1.51727712404158	1.62565406134927	1.01603378834329	1.82886081901792	1.89659640505198	2.03206757668658	1.96954242030769	0	0.406413515337317	0	0.656514140102565
0.790090609333221	0.790090609333221	0.184354475735822	1.84354475735822	1.47483580588657	1.58018122047236	0.987613262795227	1.77770387303141	1.84354475735822	1.97522652559045	1.91445032463475	0	0.395045305118091	0	0.638150108211584
0.848826362760656	1.69765272552131	1.75070437383578	2.87994658914478	1.66733749897855	1.66733749897855	2.27364204406167	2.27364204406167	2.70563403229166	1.81891363524933	2.57679431660322	1.19366207110031	1.81891363524933	0.454728408812333	1.66733749897855
0.818511135316525	1.63702227063305	1.36418522630708	2.73457129469397	1.69282984909626	1.56261216839655	2.14859173174059	2.14859173174059	2.26795793905951	1.43239448782706	1.6711269024649	0.716197243197332	0.871892296900301	0.477464829275686	1.31302828050814
1.15636013260705	2.31272026521411	1.85017621321201	3.55233832952692	2.22021145595432	2.0721973588907	2.60395170780907	2.87805188757844	3.01510197746313	2.05575134827032	2.192801438155	0.925088105565282	1.28089122464224	0.54820035953875	1.64460107861625
4.29718346013892	5.05550995257593	1.84165005551455	7.05965854613912	1.84165005551455	2.76247508327183	3.68330011102911	3.68330011102911	4.60412513878638	2.96357480209423	3.43774677055576	0.954929656110996	0.920825027757277	0.831712928388882	2.49513878516664
0.758326493154034	1.14591558942131	0.247914430585452	1.32221029645575	0.495828861170905	0.515662015597114	0.429718346330929	0.6016056848633	0.945380361928043	0.895246554817307	0.358098621926923	0	0.186834063605247	0.179049310963461	0.28025109540787
0.460886189037418	0.691329283407299	0.446018892938981	1.33805667881694	0.713630228702369	1.07044534305355	0.802834007290166	0.356815114351185	0.535222671526777	0.892037785877962	0.892037785877962	0	0.178407557175592	0.27653171361295	0.446018892938981
0.430346589204785	0.480975599598208	0.400813000065986	1.28260160021116	0.641300800105578	0.961951200158367	0.721463400118776	0.240487800039592	0.561138200092381	0.801626000131973	0.801626000131973	0	0.160325200026394	0.247775309124192	0.400813000065986
1.25334517643089	1.02546423513734	0.940008882636507	2.11501998593214	1.41001332395476	1.64501554461389	1.17501110329563	1.64501554461389	1.41001332395476	0.470004441318253	0.70500666197738	0.75200710445479	0.235002220659127	0.235002220659127	0.470004441318253
0.981455481652246	0.929799929813894	0.397887357729738	1.59154943091895	0.795774715459477	0.736091611779569	0.899667525508362	0.572515698050776	0.736091611779569	0.841247556294804	0.841247556294804	0	0.252374266888441	0.252374266888441	0.420623778147402
1.33409290454436	2.66818580908872	2.26795793877601	4.3544792426459	2.72154952665369	2.35867625643319	3.02394391874601	3.52793457187035	3.66362436295522	2.68795014999645	2.85594703437123	1.3956664225336	1.74458302997868	0.671987537499114	1.84796572812256
0.969850434102543	0.431044637181346	0.574726183259683	1.72417854977905	1.72417854977905	1.29313391213672	1.93970086820509	1.6164173901709	1.43681545814921	1.14945236651936	2.01154164140889	0	0.862089274889524	0.574726183259683	1.43681545814921
1.19366207221936	0.367280637452336	0.493929133733468	1.23482283433367	0.740893700600202	0.68209261322662	0.767354189879947	0.596831036573292	0.596831036573292	0.596831036573292	0.596831036573292	0	0.255784729959982	0.0884194128222812	0.34104630661331
1.20360925592885	0.218838046413152	0.429860448975878	1.20360925713246	0.687776718361405	0.624093688860382	0.713249930126151	0.534937447594613	0.534937447594613	0.624093688860382	0.624093688860382	0	0.267468723797307	0.0891562412657689	0.356624965063076
1.22902983791107	0.395045304892351	0.553063427133724	1.93572199496803	1.93572199496803	1.22902983791107	2.15080221634437	1.53628729738884	1.38265856783431	1.38265856783431	2.21225370853489	0	1.10612685426745	0.553063427133724	1.65919028140117
1.27323954431075	1.11408460127191	1.50778367131755	2.14859173174059	1.55176069514598	1.19366207318921	1.55176069514598	1.6711269024649	1.90985931710274	1.31302828050814	1.6711269024649	1.193662070404	1.06103295382808	0.502594557105849	1.75908094987047
4.06839822962227	4.7863508578786	1.74359924237373	6.68379709576597	1.74359924237373	2.6153988635606	3.48719848474747	3.48719848474747	4.35899810593433	2.80579188439014	3.25471858601228	0.904088493864346	0.871799621186866	0.787431915997807	2.36229574799342
1.48544613490542	1.52788745261267	1.11408460157364	2.09710042662262	1.79751465139082	1.64772176377492	1.49792887615902	1.49792887615902	1.79751465139082	1.19834310092721	1.79751465139082	1.69765271839117	1.11408460157364	0.795774715409741	1.59154943081948
1.59353886579536	2.27648409184697	1.85912867880629	4.5150267913867	3.71825735761258	1.06235924503217	3.03531212882232	3.98384716887062	3.7941401610279	1.51765606441116	4.1935233354105	0	1.51765606441116	1.1182728894428	1.1182728894428
0.0682092612666329	0.0530516476737199	0.0530516476737199	0.0954929658264893	0.0852615765832911	0.0663145595921499	0.0459100797380467	0.0734561275808748	0.0642741116332654	0.027546047842828	0.0459100797380467	0.0198943678632768	0.0497359197120726	0.0696302875969017	0.0550920956856561
0.0568410510555274	0.0442097063947666	0.0442097063947666	0.0795774715220744	0.0710513138194093	0.0552621329934583	0.0382583997817056	0.061213439650729	0.0535617596943879	0.0229550398690234	0.0382583997817056	0.016578639886064	0.0414465997600605	0.0580252396640847	0.0459100797380467
3.25961565839244	2.82500023682072	1.15568191615742	5.39318227540129	0.770454610771613	2.69659113770065	3.46704574847226	4.23750035924387	3.85227305385806	3.08181844308645	2.57934804488458	1.05937508770426	0.736956584252736	1.01700008635721	1.69500014392869
1.21355644031723	0.303389110079307	0.746803963738893	2.05371090028196	1.82033466146186	1.49360792747779	1.86700990934723	1.30690693654306	2.24041189121668	0.746803963738893	2.05371090028196	2.42711285302605	2.05371090028196	0.186700990934723	2.05371090028196
1.73540101076086	3.00802841601434	1.327071363566	5.308285454264	2.21178560594333	2.654142727132	3.317678408915	4.20239265129234	4.644749772481	3.09649984832067	3.76003553010367	0.835563448540079	1.5951665884748	1.5040142120895	2.21178560594333
1.40726475908164	2.72331791316115	2.39956683384712	4.13802851994592	2.54647908919749	2.2281692030478	3.26798149804465	3.26798149804465	3.53433735669351	2.37671381675975	2.8223476574022	1.1883569071519	1.84400209914444	0.768334207976851	2.15133578233518
0.526095505922358	0.270563403093884	0.270563403093884	0.608767656961239	0.300626003384204	0.375782504230255	0.338204254070278	0.422755317587847	0.380479785829062	0.126826595276354	0.465030849346632	0.307458412651408	0.253653190552708	0.18037560215879	0.253653190552708
0.526095505922358	0.270563403093884	0.270563403093884	0.608767656961239	0.300626003384204	0.375782504230255	0.338204254070278	0.422755317587847	0.380479785829062	0.126826595276354	0.465030849346632	0.307458412651408	0.253653190552708	0.18037560215879	0.253653190552708
0.699144928082865	3.49572464041433	1.63133816669193	4.4861799584028	2.85484179171087	1.22350362501895	1.63133816669193	2.22455204528676	2.85484179171087	1.22350362501895	2.44700725003789	0	0.815669083345964	0	0.407834541672982
1.01642133963117	2.09636901105968	1.78890156020979	4.6958665955507	3.35419042539336	1.56528886518357	2.45973964528846	3.49394835962752	3.49394835962752	1.78890156020979	3.95980814091119	2.79515865311193	1.94445821743673	0.931719562567339	1.45834366307755
0.358098621769189	0.791586426941762	0.391670367765211	1.41001332395476	0.70500666197738	0.783340735530422	0.783340735530422	0.391670367765211	0.626672588424338	0.940008882636507	0.861674809083465	0	0.242582937446757	0.334225380470698	0.646887833191352
2.18531979233709	4.26137359191048	1.95925223027341	6.12266321960441	3.91850446054682	1.71434570148923	2.69397181662594	4.05845104826355	4.16341098933099	1.65720084483388	4.81941061981297	0	1.7755723336153	0.734719586352529	1.46943917270506
2.17919844804571	4.50697860631499	2.05617918393986	5.94007319804847	3.88389401410862	1.65255882555051	2.83295798665801	4.15174877338828	4.24943697998701	1.82771483016876	4.55296819247465	0	1.46532309648998	0.73266154824499	1.22110258040832
1.77557233176047	3.27797968774919	1.99751887541531	5.77061008453312	3.551144667405	1.99751887541531	2.88530504226656	3.89480382862935	4.43893083425624	2.15220888940769	4.58212215132865	2.36742975323936	1.83284886053146	0.887786166851249	1.60374275296503
0.557042300348148	0.928403833722741	0.451655919585108	1.50551973195036	0.752759865975181	0.773669862230778	0.6963028760077	0.464201917338467	0.6963028760077	1.00577082090001	0.928403834676934	0	0.238732414624201	0.327671941630872	0.397887357707002
0.875352186458329	0	0.159154943062958	1.45892031155413	1.59154943062958	0.79577471531479	1.59154943062958	0.583568124621652	1.45892031155413	0.291784062310826	1.60481234270954	1.7507043530024	1.31302828039872	0.145892031155413	1.02124421808789
0.895246554444288	0	0.162772100874641	1.49207759148652	1.62772100874641	0.813860504373205	1.62772100874641	0.651088403498564	1.62772100874641	0.325544201749282	1.62772100874641	1.7904930900884	1.46494890787177	0.162772100874641	1.13940470612249
3.4756630917826	3.32360283108944	1.29251221350402	4.8007596501578	1.84644601929146	1.66180141736232	2.4003798250789	2.76966902893719	3.32360283472463	1.61144379870778	2.8590131910601	0	0.57180263821202	0.537147932902592	1.43239448774025
1.48014096966919	3.33031718175568	2.65460065372455	5.31925661320617	3.23780837325593	3.00653634659479	3.62919180329259	3.99638062087764	4.21840176648195	2.77526432016493	3.41570993251068	1.85017621128474	1.55414801923019	0.640445612345752	1.2808912246915
0.941666745999269	0.651923131678488	0.678000057571474	1.2430001055477	1.13000009595246	1.01700008635721	1.01700008635721	0.79100006716672	0.565000047976228	0.565000047976228	0.678000057571474	0.706250056262473	0.113000009595246	0.226000019190491	0.226000019190491
1.18813585916133	2.26444716665758	2.39528189314978	3.96045286599801	2.37627171959881	2.05943549031897	3.20796682158144	3.20796682158144	3.48519852207825	2.29140487255818	2.90244617190702	1.31608895087087	2.05943549031897	0.792090573199602	2.37627171959881
3.22288759661922	3.10352138899882	1.16382052128675	4.07337182450361	1.16382052128675	1.16382052128675	2.32764104257349	2.32764104257349	2.90955130321686	1.45477565160843	1.74573078193012	0	0.620704277975631	0.54768024534564	1.3692006133641
1.74786232045686	1.77964163461155	1.11227602274449	2.89191765913569	1.77964163639119	2.66946245458679	1.55718643184229	1.11227602274449	1.11227602274449	1.11227602274449	1.33473122729339	0	0.444910409097798	0.444910409097798	0.667365613646697
1.62215614987085	1.9170936311293	1.31800187247976	2.63600374495952	1.31800187247976	2.89960411945547	1.58160224697571	1.05440149798381	1.05440149798381	1.31800187247976	1.05440149798381	0	0.263600374495952	0.527200748991903	0.527200748991903
0.687776717935638	1.01356568941662	0.354002722686017	1.41601089074407	0.495603811760424	0.510622109071024	0.510622109071024	0.583568124652599	0.875352186978898	0.902706942792925	0.526579049962539	0	0.150451157132154	0.150451157132154	0.225676735698231
0.676408507721826	0.99681253752544	0.348151438013521	1.39260575205408	0.48741201321893	0.502182074210346	0.502182074210346	0.57392237052611	0.860883555789165	0.887786166878992	0.517875264012745	0	0.147964361146499	0.147964361146499	0.221946541719748
0.710513138363263	1.04707199319899	0.365705292031009	1.46282116812404	0.511987408843413	0.52750217879238	0.52750217879238	0.602859632905577	0.904289449358366	0.93254849462079	0.543986621862128	0	0.155424749103465	0.155424749103465	0.233137123655198
1.97078581653798	2.70279197614588	1.37955007304236	5.32112171030623	2.9561787279479	1.77370723676874	2.16786440049513	3.25497528743538	3.6618471983648	1.77370723676874	3.36347446356026	1.57662864317937	1.2613029238351	0.813743821858845	1.22061573278827
0.841247555661865	0.692792104367743	0.464899965347378	1.54966655115793	0.774833275578964	0.954929658525563	0.795774715437969	0.397887357718985	0.397887357718985	0.636619772350375	0.795774715437969	0	0.159154943087594	0.163575913724249	0.397887357718985
0.886720396508453	0.862089274123223	0.408358077669995	1.63343231067998	0.816716155339989	0.838789564921102	0.922668521413213	0.503273738952662	0.671031651936882	0.922668521413213	0.922668521413213	0	0.251636869476331	0.258626782509962	0.419394782460551
0	0.63860920845376	0.31930460456215	1.2772184182486	0.425739472749533	0.851478945499066	0.745044077311683	0.532174340936916	0.745044077311683	0.89629362679159	0.784256923442641	0	0.448146813395795	0.532174340936916	0.532174340936916
0	0.935035287325473	1.3541890415125	4.28826529812293	2.25698173585417	2.25698173585417	2.70837808302501	3.83686895095209	4.28826529812293	2.25698173585417	3.61117077736668	1.09087450104858	1.87007058106262	1.30904940684357	1.80558538868334
1.07067870758608	0.654303654424445	0.736091611800016	1.65620612655003	1.28816032065003	1.47218322360003	1.10413741770002	1.10413741770002	0.92011451475002	0.368045805900008	0.552068708850012	0.736091609591741	0.184022902950004	0.184022902950004	0.184022902950004
1.51694554995409	1.4002574309333	0.173365205851446	2.77384329362314	1.56028685266302	1.4562677290724	1.0922007968043	2.10775592352985	2.00236812747455	1.8203346613405	1.9161417486635	0	0.18203346613405	0	0.728133864536201
0.854410746585284	1.11408460072578	0.349114068717706	1.57101330922968	0.523671103076559	0.631314607576808	0.631314607576808	0.721502408659209	0.992065811906412	1.02627497779765	0.559786351525991	0	0.193259573733738	0.193259573733738	0.289889360600607
0.729460155351547	0.486306770234365	0.145892031167571	1.45892031167571	0.729460155837854	1.021244218173	0.583568124670283	1.31302828050814	1.31302828050814	1.16713624934057	1.09419023367862	0	0.145892031167571	0	0.291784062335141
1.125452811221	0.28136320280525	0.984771210282625	1.77258817850872	1.18172545233915	0.590862726169575	1.18172545233915	1.37867969439567	1.7507043736218	0.984771210282625	1.5756339364522	1.31302827700673	1.61144379880544	0.39390848411305	1.5756339364522
0.301731246102375	1.05605936135831	0.285850654368996	1.33396972038865	0.571701308737993	0.381134205825328	0.381134205825328	0.47641775728166	0.666984860194324	0.804616656697659	0.502885410436037	0	0.106493381026901	0.319480143080704	0.425973524107605
0.967589710139071	0.23652192905432	0.448146813442968	1.23240373696816	0.896293626885937	0.896293626885937	0.896293626885937	0.672220220164453	0.56018351680371	0.672220220164453	0.56018351680371	0	0.336110110082226	0.112036703360742	0.336110110082226
0.306941675743697	0.134286983166643	0.134286983166643	0.313336294055501	0.153470837871848	0.255784729786414	0.179049310978382	0.238732414637843	0.238732414637843	0.0895246554891911	0.268573966467573	0.159154943038844	0.149207759148652	0.0976632605247846	0.149207759148652
0	1.15387333510849	0.69232400231128	3.00007067668221	0.923098669748373	1.84619733949675	2.07697200693384	2.30774667437093	2.30774667437093	1.84619733949675	1.75828318057357	0.769248889303081	0.879141590286783	0.802694495559007	1.46856606566898
1.46282116726355	2.92564233452711	2.48679598550001	4.77464829237489	2.78521150388535	2.38732414618744	3.13152087102109	3.86834931126134	4.01713197692458	2.76310665090096	2.94731376096103	1.53033598962017	1.72162799011054	0.552621330180192	1.84207110060064
1.2384244001598	2.78645490035954	2.36915972321653	4.74729353651733	2.68325286846632	2.47684880166122	3.2389561255192	3.81053661825788	3.96295808282968	2.66737563278051	2.85790246369341	1.52421464577894	1.58518323313187	0.571580492738682	1.71474147821605
1.30418633842825	2.86920994454215	2.5281150572834	4.34728779709549	2.60837267825729	2.26058965448965	3.39987887053204	3.5617778643669	3.85666531728551	2.59038390135774	3.07608088286232	1.34144880462299	1.84449210826698	0.83840550375772	2.17985430977007
0.801458819997431	0	0.233758822549342	1.24671372047094	1.24671372047094	0.701276467648026	1.63631175784539	0.623356860235471	0.748028232382303	0.748028232382303	1.49605646476461	0	0.561021174286727	0	0.935035290477878
0.920114513983258	0	0.301128386645461	1.10413741770002	0.702632902172743	0.52577972268926	0.736091611764964	0.420623778151408	0.420623778151408	0.630935667227112	0.630935667227112	0	0.315467833613556	0.105155944537852	0.315467833613556
0.686355691569032	0	0.137271138361851	0.873543607868414	0.960897968532959	0.549084553447405	1.23544024525666	0.249583887962404	0.80074830729764	0.343177845984703	1.14392615328234	0.457570459711441	0.686355691969406	0	0.686355691969406
0.716197243356487	0	0.134286983189024	1.11561493737709	1.20858284870122	0.671434915945122	1.47715681507927	0.371871645792362	1.03592815622694	0.345309385408979	1.38123754163592	0.537147930607506	0.920825027757277	0	0.920825027757277
0.949503921164509	0.9423647936807	0.39265199775961	1.64913839059036	0.863834395071142	0.806528427808752	0.967834113370503	0.564569899466127	0.725875585027877	0.91182519474666	0.91182519474666	0	0.248679598567271	0.248679598567271	0.414465997612118
0.165371932984072	0.755985979200512	0.46016537893961	1.38049613681883	0.575206723674513	0.920330757879221	0.805289413144318	0.230082689469805	0.46016537893961	0.805289413144318	0.920330757879221	0	0.230082689469805	0.481081987051362	0.46016537893961
0.164128534991711	0.750301874093741	0.456705488872395	1.37011646661719	0.570881861090494	0.913410977744791	0.799234605526692	0.228352744436198	0.456705488872395	0.799234605526692	0.913410977744791	0	0.228352744436198	0.477464829253983	0.456705488872395
2.19974867490616	2.56637345307952	1.97413342828044	4.34309354221697	3.55344017090479	0.855457818833785	3.1586134852487	2.56637345650135	3.94826685656088	1.71091563766757	3.59292283814378	0	1.28318672825068	1.39984006701288	1.39984006701288
2.45805967391032	2.76531713241937	2.07398785177739	4.83930498748057	4.14797570355478	1.10612685419371	3.11098177766608	3.31838056258112	4.14797570355478	1.47483580559161	4.25433405376212	0	1.84354475698951	1.58018122013375	1.58018122013375
1.3528170154356	3.7202467924479	2.3527252453994	5.18579856197877	3.38204254042094	2.70563403233675	3.33001111699966	3.89611300673375	4.11256372933007	2.49750833774974	3.53813681181214	1.80375601960376	1.51515505817424	0.624377084437436	1.45687986368735
2.19742335761257	2.68573965751376	1.66701082612052	5.55670275373508	1.94484596380728	2.77835137686754	3.6118567899278	4.72319734067482	5.00103247836157	3.6118567899278	3.6118567899278	0.895246552504587	1.43878910581936	1.81937203079199	2.14859173152573
1.93373255605268	2.41716569506585	0.920825027801126	3.6833001112045	2.76247508340338	1.69201598849191	2.17544912806103	3.05326193393594	3.14231540719926	2.54438494494661	2.84372434982946	0	0.508876988989323	0.537147932785939	1.07429586557188
0.629385456371977	0.314692728185988	0.384624445613101	0.961561114032754	0.673092779822927	0.673092779822927	0.576936668708121	0.705144817309925	0.705144817309925	0.320520371504511	0.576936668708121	0.480780557016377	0.192312222902707	0.256416297203609	0.192312222902707
0.629385456371977	0.314692728185988	0.384624445613101	0.961561114032754	0.673092779822927	0.673092779822927	0.576936668708121	0.705144817309925	0.705144817309925	0.320520371504511	0.576936668708121	0.480780557016377	0.192312222902707	0.256416297203609	0.192312222902707
0.640236929757701	0.32011846487885	0.391255901571948	0.97813975392987	0.684697827750909	0.684697827750909	0.586883852651364	0.717302486573889	0.717302486573889	0.326046584806313	0.586883852651364	0.489069876964935	0.195627950883788	0.260837267845051	0.195627950883788
1.04897576061996	0.641040742367982	0.801300928761279	1.60260185752256	1.28208148601804	1.28208148601804	0.961561114513534	1.12182130026579	0.801300928761279	0.480780557256767	0.641040743009023	0.721170833361053	0.160260185752256	0.160260185752256	0.160260185752256
0.790090609954007	0.460886189024615	0.658408841957543	1.31681768391509	1.18513591552358	1.05345414713207	0.92177237874056	0.92177237874056	0.658408841957543	0.395045305174526	0.526727073566035	0.691329281117271	0.131681768391509	0.131681768391509	0.131681768391509
0.886720396550678	1.20692498383956	0.419394782471886	1.76145808638192	0.838789564943773	0.775880347551438	0.862089275057153	0.517253565034292	0.775880347551438	1.06406447661073	0.886720397175604	0	0.177344079435121	0.266016119152681	0.354688158870242
0.97084515218097	3.88338060872388	1.51694555124982	4.56868307228499	2.56988422816031	1.71325615210687	2.2843415361425	2.73050199224967	3.14096961219593	1.71325615210687	2.56988422816031	0	1.42771346008906	0.285542692017812	1.42771346008906
1.93587502850756	3.0974000456121	1.57289846102537	4.40411569087104	2.51663753764059	0.943739076615223	2.51663753764059	2.3488617016413	2.83121722984567	0.629159384410149	2.51663753764059	0	0.629159384410149	0	1.2583187688203
0.395400561546227	0.527200748464703	0	0.527200748991903	0.0878667914986505	0.287564044878532	0.0958546816261775	0.191709363252355	0.38341872650471	0.316320449331878	0	0	0	0.0958546816261775	0
1.31302827972032	1.16713624843279	0.808017403203157	2.02004350800789	1.61603480640631	1.61603480640631	0.984771210381102	1.64128535063517	1.64128535063517	0.656514140254068	0.820642675317585	0.656514139597554	0	0.164128535063517	0.328257070127034
4.87014125568991	5.21800848764285	2.21370057189512	6.64110171568535	2.21370057189512	2.21370057189512	4.05845104847438	4.05845104847438	4.79635123910608	2.58265066721097	3.52908786840598	0	0.773038294907343	0.676408508140555	2.36742977849194
1.28047385998103	2.98777233995573	1.67681100757533	4.35970861969585	2.68289761212052	1.0060866045452	2.01217320909039	1.8057964695576	2.68289761212052	0.67072440303013	2.34753541060546	0	0.67072440303013	0	1.34144880606026
3.66624779046277	3.56440757253342	1.33665284220626	6.14860307414879	2.94063625285377	2.67330568441252	3.74262795817752	4.81195023194253	5.07928080038378	3.36998534773794	4.40690391627269	1.22208259367842	1.33665284220626	1.00642096361014	2.33306677920319
0.237074550429984	1.03450712896877	0.517253565025148	1.68107408633173	0.646566956281435	1.16382052130658	1.0345071300503	0.646566956281435	0.90519373879401	1.21924054607001	0.948298202498896	0	0.541884687142226	0.646566956281435	0.775880347537722
0.391255901637157	0.704260622759081	0.440162889488523	0.880325778977046	1.02704674213989	0.733604815814205	0.733604815814205	0.733604815814205	0.880325778977046	0.586883852651364	0.880325778977046	1.17376769708635	0.293441926325682	0.440162889488523	0.440162889488523
0.477464829036953	0.859436692008686	0.477464829275686	0.954929658551372	1.27323954473516	0.954929658551372	0.954929658551372	0.954929658551372	0.954929658551372	0.795774715459477	1.11408460164327	1.4323944763679	0.318309886183791	0.477464829275686	0.477464829275686
0.962887405064042	0.370341309545057	0.57773244342358	1.25175362741776	0.962887405705967	0.86659866513537	0.962887405705967	0.770309924564773	0.57773244342358	0.481443702852983	0.57773244342358	0	0.28886622171179	0.0962887405705967	0.28886622171179
0.139260575121852	0.895246554252449	0.348151438013521	1.3055678925507	0.609265016523662	0.783340735530422	0.522227157020282	0.261113578510141	0.435189297516901	0.783340735530422	0.609265016523662	0	0.181644228520896	0.474751960884369	0.544932685562688
1.71091563747747	0.320796681969104	0.592240028620803	2.17154677160961	1.92478009285721	1.38189340011521	1.97413342873601	1.1844800572416	2.17154677160961	0.789653371494404	2.17154677160961	2.56637342656033	1.97413342873601	0.197413342873601	2.17154677160961
0	0.457570461134993	0.21118636677877	0.844745467115079	0.21118636677877	0.527965916946925	0.316779550168155	0.105593183389385	0.42237273355754	0.633559100336309	0.42237273355754	0	0.21118636677877	0.294152439464485	0.294152439464485
0	0.907183174807339	0.503990653096336	1.67996884365445	0.503990653096336	1.00798130619267	1.00798130619267	1.00798130619267	1.34397507492356	1.24515337816069	0.88939527011478	0	0.711516216091824	0.671987537461781	0.839984421827226
0.278521150132296	0.185680766878651	0.208890862703667	0.324941342037639	0.348151437665369	0.261113578379584	0.17407571900676	0.278521150410817	0.243706006609465	0.104445431404056	0.17407571900676	0.0696302875330739	0.189900784353748	0.265861098095247	0.208890862808113
0.265258238221234	0.176838825598715	0.198943678765397	0.309467944797752	0.331572797776542	0.248679598456747	0.165786399054058	0.265258238486492	0.232100958675681	0.0994718394324346	0.165786399054058	0.0663145595553085	0.180857889860712	0.253201045804997	0.198943678864869
0.265258238221234	0.176838825598715	0.198943678765397	0.309467944797752	0.331572797776542	0.248679598456747	0.165786399054058	0.265258238486492	0.232100958675681	0.0994718394324346	0.165786399054058	0.0663145595553085	0.180857889860712	0.253201045804997	0.198943678864869
0.769248891439883	1.23629286081095	0.86540500297564	1.25877091354499	1.25877091354499	1.10142454935187	1.41611727773811	0.944078185158743	1.10142454935187	0.786731820965619	0.944078185158743	0.432702500773861	0.173081000595128	0.173081000595128	0.86540500297564
0.417781725355112	0.15915494302116	0.21220659069488	0.424413181389759	0.238732414488635	0.298415518110794	0.257096446533062	0.330552574113936	0.293824510323499	0.110184191371312	0.330552574113936	0.21220659069488	0.220368382742624	0.159154943078632	0.220368382742624
1.10662421306336	1.65255882466914	1.84758129573221	3.2579016850911	2.1247184902768	1.69977479222144	2.69131008768395	2.69131008768395	2.95099790303927	1.84142269157323	2.1247184902768	0.885299369989593	1.69361618775453	0.769825539888422	2.15551151168758
1.15270307973588	1.95959523534926	2.03797904604716	3.62888006804886	2.17732804082932	1.74186243266345	2.90310405443909	2.90310405443909	3.16549999769482	2.03217283810736	2.46763844627322	0.979797617103084	1.95959523666822	0.753690475641624	2.4118095220532
1.07553926325821	1.60613863296495	1.7956829447285	3.16638759281326	2.06503538661734	1.65202830929387	2.6157114897153	2.6157114897153	2.86810470351569	1.78969733506836	2.06503538661734	0.860431410158425	1.64604269933446	0.748201226970208	2.09496343551658
4.32702500809919	4.72039091678206	1.54536607667598	5.87239109136874	1.85443929201118	2.47258572268158	4.32702501469276	4.32702501469276	5.25424466069835	3.39980536868717	4.01795179935756	1.08175625058246	0.961561114335467	1.19366207306573	2.16351250734638
4.41654966343918	4.81805417712927	1.89280700150107	6.30935667167023	1.89280700150107	2.52374266866809	4.41654967016916	4.73201750375267	5.04748533733618	3.47014616941863	3.78561400300214	1.10413741438761	0.98145548221827	1.21835852974985	2.20827483508458
1.79049310841462	3.28257069876014	2.53653190513685	4.69728130600971	2.81836878360583	2.44258627912505	3.49866469715809	3.67359793201599	4.16715955878255	2.79893175772647	3.32373146230018	1.56094270905236	2.27413205315276	0.874666174289522	2.09919881829485
1.3992372063838	2.51862697039944	2.51862697367366	3.77794046051048	2.9383981359526	0.419771162278943	2.67127103299988	2.67127103299988	3.1482837177742	1.39923720789964	3.05288118057129	0	1.39923720789964	1.52644059028564	1.14483044271423
0.764689765063324	1.22350362410132	0.349572464291127	1.57307608931007	0.699144928582255	0.634409287023364	0.634409287023364	0.725039185169559	0.906298981461948	1.03527229801332	0.658809644190293	0	0.19576057997954	0.29364086996931	0.48940144994885
0.530516476543519	0.879540474101986	0.439770237490763	1.46590079163588	0.732950395817939	0.752759865954836	0.677483879359352	0.451655919572902	0.677483879359352	0.978587825741287	0.903311839145803	0	0.232100958662786	0.318309886156507	0.386834931104644
0.602515141274665	1.20503028254933	0.263600374495952	1.31800187247976	0.615067540490554	0.458435433886071	0.366748347108857	0.641809607440499	0.733496694217713	0.670982771383242	0.287564044878532	0	0.100419190269826	0.301257570809479	0.401676761079306
1.11938976566674	2.23877953133347	2.19011041235672	3.84790232188435	2.27376046293166	1.92395116094217	3.14828371790538	3.32318836890012	3.65018402059454	2.4486651139264	2.97337906691063	1.25931348532565	2.27376046293166	0.874523254973716	2.27376046293166
0.907183175139972	1.51197195798703	0.986068669156308	1.97213733831262	0.986068669156308	2.16935107214388	1.38049613681883	0.591641201493785	0.591641201493785	0.788854935325046	1.18328240298757	0	0.197213733831262	0.591641201493785	0.394427467662523
0.454254733130518	0.681382099558554	0.469918689732536	1.3157723312511	0.65788616562555	1.03382111741158	0.751869903572057	0.281951213839521	0.469918689732536	0.845853641518564	0.845853641518564	0	0.0939837379465072	0.292020900037647	0.469918689732536
1.06493380989315	1.13149217290748	1.29313391256777	2.2759156862141	1.44830998213625	1.24140855611678	1.75866212116544	1.75866212116544	2.17246497320437	1.24140855611678	1.65521140815571	0.940461026164249	1.01201784457242	0.33733928152414	1.57424998044599
1.27323954397122	0.848826362496577	0.727565454030441	1.8189136350761	1.45513090806088	1.63702227156849	0.954929658551372	1.59154943091895	1.59154943091895	0.477464829275686	0.954929658551372	0.727565453198937	0.159154943091895	0.159154943091895	0.477464829275686
0.145477565106289	0.997560446238269	0.404807137864168	1.51802676699063	0.708412491262295	0.809614275728337	0.708412491262295	0.202403568932084	0.506008922330211	0.809614275728337	0.809614275728337	0	0.202403568932084	0.423207462293303	0.506008922330211
0.775880346969527	1.16382052045429	0.363693912924839	1.38203686911439	0.65464904326471	0.60068155939197	0.675766754315966	0.525596364467974	0.750851949239962	0.931056417025517	0.698292312769138	0	0.160526968446771	0.321053936893542	0.481580905340313
0.25745652545353	0.957416453938798	0.336673918079009	1.43086415183579	0.673347836158019	0.757516315677771	0.589179356638266	0.420842397598762	0.589179356638266	0.925853274717276	0.673347836158019	0	0.262605656091123	0.547095116832799	0.700281749576328
1.95270872290555	3.17315167281762	2.20740986259532	5.5185246564883	3.86296725954181	1.37963116412208	3.17315167763023	4.41481972519064	4.49529820997616	1.58657583881512	4.5330738244845	0	1.58657583881512	1.15387333720645	1.44234167150806
1.03575052737815	0.546329948294401	0.350730337554362	1.31523876582886	0.789143259497314	0.546329948861743	0.728439931815658	0.546329948861743	0.546329948861743	0.637384940338701	0.546329948861743	0	0.273164974430872	0.0910549914769572	0.364219965907829
0.925853274218739	1.11102392906249	1.39365282397476	2.16649666283843	1.68505295998544	1.20360925713246	1.80541388569869	1.80541388569869	1.92577481141193	1.20360925713246	1.44433110855895	1.03166507562616	0.802406171332483	0.506782845081731	1.39365282397476
0.39457162951849	0.789143259036981	1.31523876575579	2.10438202520926	1.18371488918021	0.789143259453473	1.57828651890695	1.70981039548253	2.08890862783537	1.18371488918021	1.8413342720581	1.18371488668126	1.44676264233137	0.657619382877894	1.57828651890695
0.759603137069717	0.379801568534859	1.1750111032222	1.82779504945675	1.04445431397528	0.652783946234553	1.3055678924691	1.43612468171602	1.81038747742892	1.04445431397528	1.56668147096293	1.04445431064609	1.35164675934661	0.391670367740732	1.43612468171602
0.211732915212087	0.912080250024101	0.644404524990798	1.67545176497607	0.515523619992638	1.03104723998528	0.773285429988957	0.386642714994479	0.644404524990798	1.03104723998528	0.902166334987117	0	0.257761809996319	0.515523619992638	0.494043469181092
0.955833947305606	1.26486296751809	0.474323613293609	1.73918658207657	0.869593291038283	0.811905283994144	0.893095812393559	0.568333698795901	0.811905283994144	1.08479567108345	0.917904029378304	0	0.166891641705146	0.250337462557719	0.333783283410293
0.60180462803965	0.802406170886702	0.160481234284328	1.60481234284328	0.962887405705967	1.20360925704649	0.687776718312278	1.54749761620263	1.37555343662455	1.37555343662455	1.29619458440477	0	0.171944179578069	0	0.343888359156139
1.53186632598294	2.29779948897441	1.35164675894907	4.08497687178421	2.80842159935164	2.55311054486513	2.50669035369735	3.3422538049298	3.3422538049298	1.46223603965679	2.71558121650546	1.25334517559533	0.83556345123245	0.417781725616225	1.04445431404056
0	0.883878341893158	1.18983623307376	3.80747594583602	2.37967246614751	2.14170521953276	2.37967246614751	3.56950869922127	3.80747594583602	2.14170521953276	3.80747594583602	1.03119139816334	1.4849156188098	1.14576822448873	1.42780347968851
0.998335551577342	0.36605636885512	0.610093948437586	1.22018789687517	1.09816910718765	1.09816910718765	0.861309103791434	1.07663637973929	0.968972741765363	0.322990913921788	0.538318189869646	0.522937669412031	0.215327275947858	0.215327275947858	0.322990913921788
3.23567683318486	3.48457505077752	1.48037502205444	4.73720007057423	1.48037502205444	1.18430001764356	2.36860003528711	2.36860003528711	2.664675039698	1.18430001764356	1.77645002646533	0	0.592150008821778	0.559252786142355	1.39813196535589
1.79646141907189	0.855457818453581	1.02654938287429	2.40597511627201	1.76438175193281	1.44358506976321	1.76438175193281	1.60398341084801	2.08517843410241	1.28318672867841	2.08517843410241	1.71091563082391	1.8820072019362	0.513274691437144	2.05309876574858
1.78253536155971	0.848826362496577	1.01859163572022	2.38732414637843	1.75070437401085	1.43239448782706	1.75070437401085	1.59154943091895	2.06901426019464	1.27323954473516	2.06901426019464	1.69765271895705	1.86741799882041	0.509295817860112	2.03718327144045
0.865837488755906	1.13795784208289	0.449193885436994	1.57217859902948	0.748656475728323	0.69200139105991	0.845779477962112	0.615112347608809	0.768890434511011	1.10634790295928	0.948298202536526	0	0.162565406144216	0.243848109216324	0.325130812288432
0.943173895152027	1.33391736578851	0.42346583072665	1.86324965519726	0.8469316614533	0.871841416176284	0.871841416176284	0.697473132941027	0.959025557793913	1.25756519420293	0.89826085300209	0	0.185266300925541	0.463165752313852	0.555798902776622
3.83677094597405	5.50920956263261	1.86509698912501	7.08736855867504	1.86509698912501	2.98415518260002	3.73019397825002	4.10321337607502	4.47623277390003	3.22288759735305	3.44325598022107	0.994718392334909	0.746038795650005	0.994718394324346	1.98943678864869
3.48619540397687	3.70408261623518	1.64625894240101	5.35034156280328	2.05782367800126	1.85204131020114	2.88095314920177	3.08673551700189	3.9098649882024	2.19501192327618	3.19274461567444	1.09750595625033	0.823129471200505	0.774710090592919	1.9367752264823
2.94152438960224	3.74375831126786	1.24791943996328	5.99001331182376	2.99500665591188	2.74542276791922	3.74375831988985	4.74209387186047	4.99167775985313	3.24459054390453	4.49250998386782	1.02953353426495	1.54430030689899	1.17660975775709	2.18018866871557
2.90599873293056	3.69854383924578	1.23284794917983	5.91767015606318	2.95883507803159	2.71226548819562	3.69854384753949	4.68482220688335	4.93139179671932	3.20540466786756	4.43825261704738	1.01709955450966	1.52564933705658	1.19658771541988	2.21912630852369
1.24008226409763	2.48016452819526	2.06680377464427	3.52444433170476	1.95802462872487	1.95802462872487	2.54543201734233	2.68684490703756	3.10020566196641	2.15382709159736	2.9370369430873	1.24008226340869	1.76222216585238	0.587407388617461	1.56641970297989
1.19366207216608	0.298415518041519	0.642741116332654	1.60685279083164	1.39260575193803	1.12479695358214	1.60685279083164	0.964111674498981	1.92822334899796	0.642741116332654	1.7675380699148	1.04445430829606	1.60685279083164	0.174075718992254	1.74075718992254
0.954929657914752	0.716197243137649	0.572957795130823	1.26050714928781	1.14591559026165	1.03132403123548	1.03132403123548	0.687549354156988	0.458366236104659	0.572957795130823	0.687549354156988	0	0.114591559026165	0.114591559026165	0.229183118052329
1.10589280238619	1.57984686055171	1.45477565145689	2.47914430566382	1.65276287044255	1.44616751163723	1.91838547476838	1.91838547476838	2.0143047485068	1.24695055859945	1.63062765355312	0.671434915273687	0.929679114623932	0.497359197143752	1.39260575200251
4.6236851446707	4.91266546567078	1.94080611137719	7.1162890750497	1.94080611137719	2.91120916706578	3.88161222275438	3.88161222275438	4.85201527844297	3.11915267912283	3.61391482835859	0.970403053532143	0.970403055688595	0.873362750216776	2.3289673339114
0.293994547459866	0.15749707906198	0.206177994384981	0.314994158123961	0.209996105328476	0.206177994384981	0.176396728593517	0.251995326562168	0.201596261249734	0.100798130624867	0.201596261249734	0.14174737106719	0.176396728593517	0.215995994180715	0.176396728593517
0.293994547459866	0.15749707906198	0.206177994384981	0.314994158123961	0.209996105328476	0.206177994384981	0.176396728593517	0.251995326562168	0.201596261249734	0.100798130624867	0.201596261249734	0.14174737106719	0.176396728593517	0.215995994180715	0.176396728593517
0.0862089274362692	0.0862089274362692	0.0738933663932981	0.193970086820509	0.129313391154404	0.129313391213672	0.04702305136806	0.09404610273612	0.14106915410418	0.09404610273612	0.04702305136806	0	0.0258626782498467	0.11755762842015	0.04702305136806
0.0862089274362692	0.0862089274362692	0.0738933663932981	0.193970086820509	0.129313391154404	0.129313391213672	0.04702305136806	0.09404610273612	0.14106915410418	0.09404610273612	0.04702305136806	0	0.0258626782498467	0.11755762842015	0.04702305136806
0.0862089274362692	0.0862089274362692	0.0738933663932981	0.193970086820509	0.129313391154404	0.129313391213672	0.04702305136806	0.09404610273612	0.14106915410418	0.09404610273612	0.04702305136806	0	0.0258626782498467	0.11755762842015	0.04702305136806
1.61756514127738	1.61756514127738	1.16824149154661	3.00404954991088	1.73918658152735	1.89729445257529	1.80242973051571	2.16291567661886	2.28307765865324	1.32178180237819	1.80242973051571	0.938765484115546	0.751012387683589	0.360485946103143	0.841133874240667
1.49207759020759	1.49207759020759	1.25648639236784	2.98415518207779	1.79049310924667	1.93970086835056	1.83640318952187	2.18072878755722	2.29550398690234	1.3773023921414	1.83640318952187	1.05323124049171	0.716197243884881	0.459100797380467	0.803426395415818
1.52191914201175	1.73933616229914	1.28161612021519	3.04383828571935	1.82630297143161	1.97849488571758	1.87313125331231	2.22434336330836	2.34141406664038	1.40484843998423	1.87313125331231	0.951199463978156	0.730521188762579	0.351212109996058	0.936565626656153
0.734102174607611	1.08755877700916	0.315742870972631	1.42084291937684	0.473614306458946	0.570968358323142	0.570968358323142	0.65253526665502	0.978802899982529	0.928175163743464	0.506277362041889	0	0.174786232126836	0.174786232126836	0.262179348190255
0.889278243903471	0.523104849198051	0.697473132961541	1.56931454916347	0.871841416201927	1.1333938410625	0.871841416201927	0.610288991341349	0.523104849721156	0.610288991341349	0.871841416201927	0	0.174368283240385	0.179652170605862	0.435920708100963
0.278521150225136	0.14920775911135	0.195326520996298	0.2984155182227	0.19894367873224	0.195326520996298	0.16711269024649	0.238732414637843	0.190985931710274	0.0954929658551372	0.190985931710274	0.134286983116286	0.16711269024649	0.204627783960678	0.16711269024649
0.627777830875439	0.470833373156579	0.117708343328381	1.17708343328381	0.470833373313524	0.470833373313524	0.588541716641905	0.588541716641905	0.941666746627047	0.470833373313524	0.706250059970285	0	0.117708343328381	0	0.353125029985143
1.65786398980375	0.310849498032077	0.573875996725584	2.10421198799381	1.86509698920272	1.3390439923597	1.91291998908528	1.14775199345117	2.10421198799381	0.765167995634112	2.10421198799381	2.48679595596931	1.91291998908528	0.191291998908528	2.10421198799381
0.668450760618313	0.990297422967689	0.215629277737407	1.22189924051197	0.431258555474813	0.445633840642452	0.445633840642452	0.445633840642452	0.816995374511163	0.845167628774536	0.384167103988426	0	0.15366684159537	0.148544613547484	0.230500262393055
1.07429586493924	0.671434915273687	0.671434916168933	1.43878910607629	0.959192737384191	1.05511201112261	1.05511201112261	0.671434916168933	0.575515642430514	0.671434916168933	0.863273463645772	0	0.191838547476838	0.0994718394287504	0.287757821215257
1.34813598743288	0.54567408993818	0.575011407299751	1.39645627487082	0.821444867571073	0.763943726815633	0.848826363128481	0.594178454189937	0.594178454189937	0.679061090502785	0.679061090502785	0	0.254647908938544	0.175619247537566	0.42441318156424
2.00474014593979	2.23385330584398	0.930772211765583	4.28155217412168	2.79231663529675	1.54439241057198	1.93049051321497	2.80663620755413	3.28183387246545	1.93049051321497	3.33588760653895	0	1.04246487704342	0.400948029650591	1.20284408895177
0	0.862089273500603	0.517253564979693	1.72417854993231	0.689671419972923	0.862089274966154	1.03450712995939	1.37934283994585	1.37934283994585	1.10840049629533	0.923667080246107	0.646566954209482	0.738933664196885	0.646566956270414	0.862089274966154
0.611490043996027	0.512572536767939	0.497927607673215	1.57677075763185	0.829879346122026	0.995855215346431	0.746891411509823	0.414939673061013	0.663903476897621	0.912867280734228	0.995855215346431	0	0.248963803836608	0.256286268647794	0.497927607673215
1.79049310620284	3.10352138129175	1.3300805956874	5.54200248203084	2.43848109209357	2.6601611913748	3.3252014892185	4.43360198562467	4.87696218418714	3.10352138993727	3.9902417870622	0.862089272207469	1.82560081755033	1.5086562312662	2.43848109209357
0.977034511432901	3.41962079001516	1.83193970954734	4.03026736100414	2.56471559336627	0.732775883818935	1.83193970954734	2.39817561955304	2.56471559336627	1.0991638257284	2.1983276514568	0	1.0991638257284	0	0.732775883818935
1.87475160796497	3.43704461460245	2.65589811251402	5.09932437625638	3.18707773516024	2.76213403713887	3.34446429025052	3.93466387088297	4.29029695135546	2.95099790316223	3.14773109670637	1.77059873968409	2.0429985482645	0.590199580632445	1.77059874189734
1.45063099039326	1.74075718847191	1.22876978079051	3.48151437916812	2.12759212060274	2.32100958611208	2.11918266616926	2.42192304705058	2.57329323749124	1.51370190440661	2.11918266616926	1.16050479275947	0.633002614541265	0.454110571321984	0.908221142643968
1.56706405457649	1.76294706139855	0.795774715409741	2.22816920314727	0.795774715409741	0.477464829245844	1.11408460157364	1.27323954465559	1.27323954465559	0.477464829245844	0.795774715409741	0	0.159154943081948	0.149792887615902	0.748964438079508
0.742723067267029	0	0.139260575170593	0.742723067679653	0.83556345102356	0.41778172551178	0.974824026194153	0.247574355893218	0.83556345102356	0.139260575170593	1.11408460136475	1.11408459161651	0.83556345102356	0	0.557042300682373
0.729460155473123	0	0.156312890492022	0.820642675215005	0.820642675215005	0.312625780984044	0.937877342952133	0.273547558405002	0.781564452460111	0.156312890492022	1.09419023344415	1.09419022500326	0.781564452460111	0	0.625251561968088
2.21912630415269	2.71226548099031	1.62735929289765	5.69575752514177	2.1698123905302	2.71226548816275	3.52594513461157	4.61085132987667	4.88207787869294	3.52594513461157	3.79717168342785	0.904088493663437	1.40289594209832	1.77992422673288	2.09981844252535
0	1.42742089228688	1.18951741301461	3.80645572164675	1.18951741301461	1.90322786082338	2.61693830863214	3.33064875644091	3.33064875644091	2.1411313434263	2.61693830863214	0.815669080898956	0.913549373237853	1.09801607365049	1.37032405985678
1.73081000381661	4.15394400722137	2.39650616214169	5.85812617412414	4.26045539936301	1.93850720662666	3.87701441325333	4.61549334889571	4.98473281703999	2.01927834014188	5.27484954071596	0	2.01927834014188	0.989034288884243	1.64839048147374
0.76394372626814	1.20622693610175	0.363782727067189	1.45513090826876	0.727565454134379	0.674067994251731	0.748964438057479	0.524275106640235	0.748964438057479	1.00315842912448	0.771660330095756	0	0.159154943076975	0.318309886153949	0.477464829230924
0.799753588396971	0	0	0.999691986171006	1.14250512686896	0.571252563434481	1.14250512686896	0.333230662057002	0.999691986171006	0.166615331028501	1.33292264822801	1.33292263773124	0.999691986171006	0	0.666461324114004
0.631646179843269	0.84219490663315	0.168438981438922	1.68438981438923	1.01063388863354	1.26329236070168	0.721881348972391	1.62423303518788	1.44376269794478	1.44376269794478	1.36046869602815	0	0.180470337243098	0	0.360940674486195
0.528105038201241	0.792157557301862	0.0907680534820965	0.816912481338869	0.27230416044629	0.290457771123345	0.290457771123345	0.38727702816446	0.677734799287805	0.51867459125217	0.207469836500868	0	0.103734918250434	0.19363851408223	0.103734918250434
0.586883852504643	1.17376770452022	0.234753541060546	1.17376770530273	1.64327478742382	1.64327478742382	1.40852124636327	0.939014164242183	1.17376770530273	1.40852124636327	1.87802832848437	1.17376770060766	0.469507082121091	0.469507082121091	0.704260623181637
1.13940470550099	0.313336293820498	0.358098621854451	1.83823959234374	1.96954242019948	1.25334517649058	2.1485917311267	0.501338070639203	1.72334961795151	0.783340735432505	2.03668591212451	0.835563447054633	1.25334517669201	0	1.41001332377851
2.86478897504023	4.40736765349637	1.79049310967192	5.37147932901575	2.1485917316063	1.43239448773753	2.86478897547507	3.22288759740945	3.22288759740945	1.43239448773753	2.50669035354068	0	0.716197243868767	0.674067994271557	2.02220398281467
1.63631175825447	2.10382940347003	1.00182352564082	2.60474116666613	1.00182352564082	0.601094115384491	1.40255293589714	1.60291764102531	1.60291764102531	0.601094115384491	1.00182352564082	0	0.200364705128164	0.187007058132977	0.935035290664885
0.581910260534265	1.1638205205836	0.232764104271897	1.16382052135948	1.62934872990328	1.62934872990328	1.39658462563138	0.931056417087588	1.16382052135948	1.39658462563138	1.86211283417517	1.1638205167042	0.465528208543794	0.465528208543794	0.698292312815691
1.85017621257987	2.05575134731096	0.925088106629133	2.62108296878254	1.07926945773399	0.616725404419422	1.23345080883884	1.3876321599437	1.69599486215341	0.770906755524277	1.23345080883884	0	0.17131261231779	0.146839382012316	0.881036292073895
0.417781725476965	2.50669035286179	1.56668147106084	4.0733718247582	2.50669035369735	1.25334517684867	1.56668147106084	2.33957766329489	2.50669035369735	1.25334517684867	1.88001776527301	1.00267613927305	0.626672588424338	0.313336294212169	0.313336294212169
0.831300371865225	1.16382052061131	1.34758165602728	2.21680099285456	1.66260074464092	1.33008059571274	1.9228339048548	1.82163212038876	1.82163212038876	1.11321962912646	1.31562319805855	0.634811192776289	0.665040297856368	0.529009327866629	1.16382052130658
1.22239838174738	1.47920476433691	1.76025367045554	2.90151703933296	1.8134481495831	1.45075851966648	2.29703432280526	2.4179308661108	2.64038050568331	1.57165506297202	2.05524123619418	1.04777004071193	1.88598607548808	0.502929620130155	2.13745088555316
2.30774667183241	2.88468333813182	1.73081000586474	4.90396168328343	4.32702501466185	1.82190526922103	3.17315167741869	3.64381053844206	4.32702501466185	1.82190526922103	4.75124315238997	0	2.12555614742454	1.28208148566191	1.60260185707739
1.55010282960534	1.43086415062506	0.161749860635274	2.74974763079966	1.61749860635274	1.35281701615813	1.01461276211859	1.94870070174559	1.94870070174559	1.5943914832464	2.04613573671595	0	0.177154609249599	0	0.531463827748799
0.63661977222611	1.02313891929182	0.716197243841909	1.04174144569241	1.04174144569241	0.911523764980855	1.17195912640396	0.781306084269304	0.911523764980855	0.651088403557754	0.781306084269304	0.358098621330092	0.143239448768382	0.143239448768382	0.716197243841909
1.20503028220503	2.53056359060612	2.30051235860998	3.45076853791497	3.06734981147998	0.766837452869995	2.81173732748819	2.46027016155217	3.24431230123907	1.4058686637441	3.06734981147998	0	1.4058686637441	1.53367490573999	1.15025617930499
0.652783945744965	0.596831035955146	0.232100958658488	0.928403834633952	0.464201917316976	0.401713197661557	0.447623277429969	0.373019397858308	0.596831036573292	0.618935889755968	0.309467944877984	0	0.0803426395323115	0.0746038795716615	0.232100958658488
4.15394401303689	4.45065429923732	1.73081000603782	5.88475402052859	1.73081000603782	2.07697200724539	3.80778201328321	3.80778201328321	4.50010601569833	2.42313400845295	2.76929600966051	0	0.728762107765125	0.65935619280928	1.97806857842784
1.85198479150024	1.62048669256271	1.3581221809603	2.22816920328654	1.90985931710274	1.59154943091895	1.43239448782706	1.75070437401085	1.90985931710274	1.27323954473516	1.75070437401085	1.27323954091544	1.3581221809603	0.848826363100187	1.69765272620037
0.565000047524228	0.62777783045692	0.0882812574852505	0.617968802396754	0.282500023931614	0.376666698575486	0.166176484689116	0.249264727033673	0.415441211722789	0.264843772455752	0	0	0	0.249264727033673	0.0882812574852505
0.930444281975354	0.472491237097349	0.587989095148394	1.11408460140872	0.944982474194699	0.755985979476507	0.657379112770872	0.986068669156308	0.854592846602134	0.328689556385436	0.854592846602134	0.549807984626757	0.525903290216698	0.549807985201556	0.591641201493785
1.36873250995156	0.916561948532255	1.09987433881483	2.21641344044452	1.6331467455907	1.16653338970764	1.74980008456146	1.51649340661993	2.09976010147376	1.04988005073688	1.74980008456146	1.02654937945246	1.58870737828809	0.384956018565026	1.92478009282513
1.93259573519772	2.70563402927681	0.932977252543319	4.29169536169927	3.17212265864729	2.12585531107112	2.31911488480486	3.60751204288185	3.47867232720728	2.60542536430356	3.6796622834015	0	1.20250401429395	0.432901445106059	1.29870433531818
1.97617387584607	0.741065203308472	0.988086938279843	2.73624075238759	2.05218056429069	1.82416050159172	2.05218056429069	1.59614043889276	2.28020062698965	1.14010031349483	2.28020062698965	1.97617387013712	1.97617387655969	0.494043469139921	2.22319561112965
0.409255567833658	0.636619772049271	0.318309886183791	0.636619772367581	0.742723067762178	0.636619772367581	0.530516476972985	0.530516476972985	0.636619772367581	0.424413181578387	0.742723067762178	0.954929650911935	0.212206590789194	0.318309886183791	0.318309886183791
0.174075718919723	0.870378594598613	0.11605047933784	1.1605047933784	0.580252396689202	0.232100958675681	0.232100958675681	0.348151438013521	0.580252396689202	0.812353355364882	0.348151438013521	0	0.126600522902499	0.253201045804997	0.379801568707496
0.623356860166209	0.935035290080488	0.21577737476882	1.1508126654337	0.431554749537639	0.448816939501192	0.374014116250994	0.448816939501192	0.822831055752186	0.779196075489138	0.311678430195655	0	0.155839215097827	0.149605646500397	0.233758822646741
0.553425142068174	1.52191913913097	1.57828651881926	4.50939005376932	2.93110353495006	1.80375602150773	2.48016452957313	3.60751204301546	3.38204254032699	1.73933616366576	3.83298154570393	1.52191913342377	1.87313125302413	0.86966808183288	1.3528170161308
1.52788745200152	2.18269635803774	1.60830258265407	4.28880688707751	3.75270602619283	1.07220172176938	2.8011269982773	3.75270602619283	3.5650707250802	1.5278874536058	4.02075645663517	0	1.5278874536058	1.07220172176938	1.07220172176938
1.45726244562071	2.59068879012765	2.09845792433089	4.66323983184641	3.49742987388481	1.39897194955392	2.46613644964419	3.96375385706945	4.03549600850867	1.72712586379522	4.37178734214471	0	1.63213394114624	0.932647966369283	1.45726244738157
2.14859172843506	3.49146155604809	2.32764104248621	5.81910260621551	3.72422566797793	1.62934872974034	3.02593335523207	4.09343769525151	4.42251798072379	1.80204467811778	4.4890220101564	0	1.68553316863297	0.963161810647413	1.49634067005213
1.94964805022977	3.10171280518976	2.04713045531479	5.68647348698553	3.63934303167074	1.81967151583537	2.72950727375305	3.76483761882692	4.321719850109	1.98109398908461	4.47074467235697	2.27458937227578	1.88241880941346	0.909835757917685	1.64711645823678
0.145228885513263	0.726144427566315	0.103734918265253	1.03734918265253	0.518674591326266	0.31120475479576	0.31120475479576	0.31120475479576	0.518674591326266	0.726144427856772	0.414939673061013	0	0.111714527353987	0.335143582061961	0.335143582061961
2.45127032799526	4.75169325069475	1.61495456941894	5.24860235061157	1.61495456941894	1.61495456941894	2.42243185412842	3.63364778119262	2.82617049648315	1.61495456941894	2.28785230681889	0	0.381308717803149	0.722479675877683	1.80619918969421
0.788540399577649	3.15416159831059	1.73478887970166	4.04784071930387	2.31305183960221	0.86739443985083	1.73478887970166	2.16848609947218	2.78805355646423	1.44565739975138	2.60218331955249	1.08424304683187	1.44565739975138	0.289131479950276	0.86739443985083
0.542121524635708	3.25272914781425	1.80707174968923	3.9755578493163	2.16848609962707	0.722828699875691	1.80707174968923	1.97135099948176	2.52990044956492	1.08424304981354	2.52990044956492	0	1.08424304981354	0	0.722828699875691
1.3992372061506	2.51862696989572	1.90805073768359	3.43449132783047	3.05288118029375	0.419771162236965	3.05288118029375	2.28966088522031	3.14828371751184	1.52644059014688	2.93839813565876	0	1.14483044261016	1.2593134867109	1.2593134867109
3.35095758627257	3.53507613303137	1.57692121905219	5.85713595647957	2.92856797823979	2.47801905851059	2.92856797823979	4.28021473742738	4.73076365715658	2.40721851405858	3.72024679445418	1.27655526590795	1.57692121905219	1.06379606053777	1.96954242059339
3.49256680247012	4.19108016110144	1.74628340317537	6.11199191111381	2.83771053015999	2.40113967936614	3.05599595555691	4.58399393333536	4.58399393333536	2.3362440124264	3.82294474760684	1.1226107540166	1.52799797777845	1.03398359404589	1.91147237380342
0.785827531025091	0	0.142877732976974	1.04777004193433	1.28589959679276	0.714388664884869	1.42877732976974	0.392913765725374	1.14302186381579	0.285755465953947	1.57165506274671	1.5716550441726	1.14302186381579	0	0.857266397861842
0.618935889320421	0.397887357491006	0.238732414494604	0.716197243483811	0.35367765104024	0.53051647656036	0.397887357729738	0.497359197162173	0.497359197162173	0.198943678864869	0.54709511687839	0.331572797997591	0.248679598581086	0.159154943081285	0.248679598581086
0.680829478252463	0.437676093240106	0.262605655944064	0.787816967832192	0.389045416144264	0.583568124216396	0.437676093502712	0.54709511687839	0.54709511687839	0.218838046751356	0.601804628566229	0.36473007779735	0.273547558439195	0.175070437389413	0.273547558439195
0.749354523349663	0.449612713874914	0.642303877294491	1.28460775458898	1.28460775458898	0.963455815941736	1.60575969323623	0.963455815941736	0.843023839084505	1.12403178544601	1.40503973180751	0	0.562015892723003	0.562015892723003	0.843023839084505
0.517253564202245	1.42244730014989	1.47513053725172	4.21465867786207	2.73952814061034	1.68586347114483	2.31806227282414	3.37172694228965	3.28257070089158	1.68586347114483	3.72024679434379	1.42244729499352	1.82073254867997	0.842931735572414	1.09419023363053
0.622409509146941	3.1120475457347	1.45228885571354	3.99379435321225	2.5415054974987	1.08921664178516	1.45228885571354	1.9803938939748	2.5415054974987	1.08921664178516	2.17843328357032	0	0.726144427856772	0	0.363072213928386
1.05724354895315	2.69116539550041	1.79411026747263	5.60659458585197	3.36395675151118	2.01837405090671	3.1396929680771	4.39416850651584	4.39416850651584	2.01837405090671	4.39416850651584	1.85017619910442	1.90985931685631	0.693816079976186	1.67112690224927
1.13856997548916	2.69116539525576	1.61890418656051	5.55052863963603	3.23780837312102	2.08144823986351	3.00653634646952	4.29718346278808	4.29718346278808	2.08144823986351	4.39416850637853	1.85017619864187	1.9098593167947	0.897055133709132	1.61890418656051
0.61672540394146	0.822300538759925	0.164460107861625	1.64460107861625	0.986760647169751	1.23345080887408	0.704829033642334	1.58586532569525	1.40965806728467	1.40965806728467	1.32833164021646	0	0.176207258410584	0	0.352414516821167
0.623356859903014	0.575406332052922	0.215777374752221	0.935035290592959	0.359628957920369	0.448816939465287	0.346309366900094	0.415571240280113	0.623356860420169	0.647332124256664	0.287703166336295	0	0.0748028232442145	0.138523746760038	0.215777374752221
0.636619771975815	1.27323954395163	0.197048977161394	1.28081835154906	0.68967142006488	0.413802852018238	0.310352139013678	0.620704278027357	0.724154991031916	0.762268411570418	0.217790974734405	0	0.114945236658322	0.326686462101608	0.45978094663329
0.87325804237392	1.30988706356088	0.418987444882073	1.67594977952829	0.754177400787731	0.777745444538043	0.777745444538043	0.691329284033816	0.950577765546497	1.15964912156653	0.80283400723837	0	0.184354475729677	0.460886189324192	0.55306342718903
0	1.11976870499406	0.783838094570817	2.35151428371245	0.783838094570817	1.30639682428469	1.56767618914163	1.82895555399857	1.82895555399857	1.67965305965064	1.30639682428469	0.783838092689605	0.783838094570817	0.922162464331149	1.22474702285876
0	1.18797796621197	0.831584577488836	2.49475373246651	0.831584577488836	1.38597429581473	1.66316915497767	1.94036401414062	1.94036401414062	1.78196695160905	1.38597429581473	0.831584575493033	0.831584577488836	0.978334797183808	1.29935090242376
0	1.66366651180401	0.739407339657862	2.71116024541216	0.739407339657862	1.72528379253501	1.9717529057543	2.21822201897359	2.46469113219288	2.08773837065539	1.72528379253501	0.739407337932579	0.98587645287715	1.10911100961619	1.63447938250195
0	1.43985487362471	0.677578764955482	2.25859588318494	0.677578764955482	1.35515752991096	1.58101711822946	1.58101711822946	2.03273629486644	1.91980650056604	1.58101711822946	0.767922598114627	1.12929794159247	1.21250936901786	1.49318283398097
0.970845152375139	0.539358417896295	0.647230101907041	1.29446020381408	1.13265267833732	1.29446020381408	0.970845152860562	0.970845152860562	0.809037627383801	0.32361505095352	0.32361505095352	0.606778218869211	0.16180752547676	0.16180752547676	0.16180752547676
1.14889974487017	1.2254930610723	1.37011646655762	2.29779949088924	1.53186632725949	1.31302828050814	1.86012339738653	1.86012339738653	2.18838046751356	1.31302828050814	1.64128535063517	0.875352186130072	1.07429586577263	0.35809862192421	1.43239448769684
1.90133315672092	1.90133315672092	0.887288807619011	2.66186642285703	2.36610348698403	1.5844442991914	2.21822201886796	2.38885448163467	3.1688885983828	2.38885448163467	2.41987856523638	0	0.341264925947809	0.739407339473011	0.739407339473011
1.98659473297169	1.98659473297169	0.927077543324875	2.78123262997462	2.47220678219967	1.65549561293823	2.16318093442471	2.31769385811353	3.39928432552454	2.64879298070117	2.70397616721969	0	0.331099122587647	1.06970485748506	0.713136571656709
0.185680766841515	0.856988154450984	0.506402091633012	1.51920627489904	0.633002614541265	1.01280418326602	0.886203660357772	0.253201045816506	0.506402091633012	0.886203660357772	1.01280418326602	0	0.253201045816506	0.506402091633012	0.484384609410116
0.733881125663872	1.10082168849581	0.366940563219262	2.20164337931557	1.65123253448668	1.55410120883214	0.971313255520089	2.06404066783601	2.13688916214419	2.06404066783601	1.9814790409657	0	0.412808133567202	0	0.660493013655234
1.20029352781772	1.20029352781772	0.400097843028231	2.6006359796835	2.00048921514116	1.69453204095553	1.27089903071665	2.47560540341054	2.32998155631385	2.25055036673685	2.4005870576626	0	0.450110073347371	0	0.72017611729878
0.649882683966965	0	0.278521150331239	1.11408460132496	1.11408460132496	0.974824025950447	1.94964805190089	0.974824025950447	0.835563450993718	0.835563450993718	1.3926057516562	0	0.278521150331239	0	1.11408460132496
0.689671419720044	0	0.295573465657642	1.18229386263057	1.18229386263057	1.03450712958007	2.06901425916013	1.03450712958007	0.886720396972925	0.886720396972925	1.47786732828821	0	0.295573465657642	0	1.18229386263057
2.08227716916907	2.83946886642491	1.68183925420972	4.56499226142638	3.84420400962222	1.99898608491437	2.88315300721666	3.99797216982873	4.324729510825	2.49873260614296	4.61722329349408	0	1.49923956368577	1.04113858584258	1.30142323230322
0	0	0	0	0	0	0	0	0	0	0	0	0	0	0
2.09554008152864	2.90151703498068	1.41955941167968	5.47544344505018	2.83911882335935	1.82514781501673	2.23073621835378	3.1433101257506	3.56241814251735	1.82514781501673	3.25170012996349	1.57165505163797	1.30068005198539	0.838216033533494	1.25732405030024
2.7283704485216	3.47247147743369	1.38898859408818	5.55595437635271	3.00947528719105	2.54647908916166	3.24097338620575	4.39846388127923	4.62996198029393	2.77797718817636	4.16696578226454	1.09134817652436	1.67112690220379	1.34813598842416	2.08348289113227
3.60485945310074	3.00404954318251	1.60931225915913	6.43724903663652	1.93117471099095	3.21862451831826	4.18421187381374	4.82793677747739	5.47166168114104	3.86234942198191	3.54048697015008	1.0013498477275	1.66891641683512	1.2016198202637	2.48610997286794
0.258626782395017	1.03450712958007	1.50473764364113	1.88092205455141	0.940461027275703	0.752368821820563	1.50473764364113	1.50473764364113	2.06901425978084	1.31664543818598	1.88092205455141	0.827605702919208	1.12855323273084	0.376184410910281	1.31664543818598
4.01070456350934	4.29718346041176	1.51920627482998	5.46914258938793	1.51920627482998	2.12688878476198	3.34225380462596	3.34225380462596	3.94993631455795	2.12688878476198	2.90630765633434	0	0.636619772276636	0.557042300821634	1.94964805287572
0	1.98943678591322	0.497359197068918	2.23811638681013	0.497359197068918	1.49207759120675	1.74075718974121	1.98943678827567	1.98943678827567	1.8568076689103	1.74075718974121	0	0.994718394137836	1.10524266029898	1.32629119235878
1.77059873879879	2.65589810819818	1.32794905592502	2.65589811185004	2.65589811185004	0.505885354538733	2.2132484265417	1.32794905592502	2.75426470900602	1.77059874123336	2.02354141815493	0	0.44264968530834	1.5176560636162	1.01177070907747
0	0	0.573620940631436	2.29448376252574	0.764827920841915	1.14724188126287	1.33844886147335	1.91206980210479	1.91206980210479	1.14724188126287	1.41718114734511	0.688345126669743	0.764827920841915	0.724573819789463	0.764827920841915
3.2228875911651	0	1.07429586587029	2.68573966467573	2.14859173174059	2.14859173174059	2.14859173174059	1.61144379880544	0	3.2228875969663	2.57831007757304	0	3.22288758149644	3.22288758149644	2.57831007757304
2.26795793603556	0	1.45797296082397	2.91594592164794	2.42995493470662	2.42995493470662	2.42995493470662	1.94396394776529	0	3.40193690802227	2.83494742335189	0	3.40193690008442	3.40193690008442	2.83494742335189
1.85017621205565	0	1.58586532580853	3.17173065161706	3.70035242688657	2.64310887634755	3.17173065161706	2.64310887634755	0	3.70035242626984	3.08362702189153	0	3.70035241763568	3.70035241763568	3.70035242626984
1.52788745276546	0	2.38732414637843	3.3422538049298	3.81971863420549	2.38732414637843	3.3422538049298	2.38732414637843	0	3.81971863420549	3.27404454313698	0	3.81971862783929	3.81971862783929	3.27404454313698
0.875352186880374	0	1.91483290907436	2.29779949088924	2.68076607270411	1.53186632725949	2.68076607270411	1.75070437376075	0	3.06373265408131	3.06373265408131	0	3.06373265145525	3.06373265145525	1.91483290907436
0.736091611677334	0	0.946403500885735	1.26187133451431	1.84022902919333	1.104137417516	1.84022902919333	1.32496490071004	0	2.20827483451674	2.20827483451674	0	2.20827483374384	2.20827483374384	1.104137417516
0.935035290560992	0	1.40255293599733	1.96357411039626	2.18174901130898	1.55839215093499	2.18174901130898	1.60291764045284	0	2.40437646067926	2.80510587079247	0	2.805105867787	2.805105867787	1.75319116955836
1.2354402453802	0	2.21745685134766	3.16779550192522	3.43177846013301	2.40224492209311	3.08860061411971	2.47088049076041	0	3.70632073614062	3.66056368948668	0	4.11813414591378	4.11813414591378	2.88269390588715
1.25334517659801	0	2.43706006609465	3.48151438013521	3.79801568707496	2.65861098095247	3.41821411836746	2.50669035319601	0	3.76003552979402	3.71361533757302	0	4.17781725031331	4.17781725031331	3.24941342037639
1.64725366001276	0	1.54430030718855	3.60336738343994	4.11813415250279	3.08860061437709	3.60336738343994	3.08860061437709	0	4.11813415191449	3.43177845927507	0	4.11813414014839	4.11813414014839	4.11813415191449
1.20692498390661	0	0.60346249255677	1.50865623139192	1.20692498511354	1.50865623139192	1.50865623139192	1.20692498511354	0	1.81038747730823	1.81038747730823	0	1.81038746861837	1.81038746861837	1.20692498511354
1.29976536728405	0	0.649882684291906	1.62470671072977	1.29976536858381	1.62470671072976	1.62470671072976	1.29976536858381	0	1.94964805248579	1.94964805248579	0	1.94964804312748	1.94964804312748	1.29976536858381
0.576936668131184	0	0.576936668708121	1.15387333741624	0.865405003062181	1.15387333741624	1.15387333741624	1.03848600346692	0	1.7308100057782	1.73081000439355	0	1.73080999747031	1.73080999747031	0.865405003062181
0.470833372999635	0	0.565000047976228	1.13000009595246	1.13000009595246	1.13000009595246	1.13000009595246	1.41250011958745	0	1.4125001189989	1.41250011782182	0	1.41250011429057	0	0.847500071964343
0.626672587954333	0	1.43239448782706	2.14859173174059	1.79049310978382	2.14859173174059	1.79049310978382	2.08890862773297	0	2.00535228215574	1.880017763863	0	2.50669033865721	0	1.67112690218638
0.74603879518373	0	0.142102627760621	0.852615766563725	0.710513138803104	0.426307883281862	0.852615766563725	0.663145596105706	0	0.994718393926459	0.994718393926459	0	0.99471839183755	0.497359195918775	0.710513138803104
0.481885799810042	0	0.788540399864391	1.77421589969488	1.73478887952818	1.08424304970511	1.92754319924017	1.08424304940695	0	1.89742533646215	2.16848609838794	0	2.16848609384444	2.16848609384444	1.62636457411042
0.696302875852966	0	1.11408460164327	1.94964805287572	2.16627561406565	1.23787177946609	2.16627561406565	1.19366207267765	0	2.38732414535529	2.78521150291451	0	2.78521149760934	2.78521149760934	1.74075718963242
0.651540548119561	0	1.04246487725191	2.08492975450383	2.02701503887572	1.15829430792898	2.28039191841847	1.1169266537198	0	2.23385330743959	2.60616219201286	0	2.60616218704874	2.60616218704874	1.86154442286633
0.646566956149183	0	1.03450713009732	1.81038747767031	1.72417854997062	1.14945236664708	1.93970086844755	1.29313391175956	0	2.15522318626593	2.58626782351912	0	2.58626781920867	2.58626781920867	1.47786732807708
0.77588034718505	0	0.129313391262165	0.646566956310825	0.51725356504866	0.25862678252433	0.775880347417814	0.465528208450688	0	0.775880346797109	0.77588034718505	0	0.775880346021229	0.387940173010615	0.620704277934251
0.809037627114122	0	0.303389110268926	1.06186188594124	0.758472775672314	0.455083665403388	1.04019123505915	0.606778220335591	0	0.970845152278054	1.21355644034757	0	1.21355643743503	1.21355643743503	0.809037627114122
0.815669083345964	0	2.44700725003789	2.44700725003789	2.44700725003789	1.63133816669193	2.44700725003789	1.63133816669193	0	2.44700725003789	2.44700725003789	0	2.44700724881439	2.44700724881439	1.63133816669193
0.616725404172732	0	0.102787567413516	0.513937837067579	0.411150269654063	0.205575134827031	0.616725404357749	0.37003524261465	0	0.616725403864369	0.616725404172732	0	0.616725403247644	0.308362701623822	0.493380323486199
0.666461323697466	0	0.571252563597696	0.95208760599616	0.761670084796928	0.95208760599616	0.95208760599616	0.888615098781646	0	1.33292264786145	1.33292264739493	0	1.33292264506232	0.666461322531158	0.761670084796928
0.784406505014511	0	0.305046974259466	1.06766440990813	0.857944614997505	0.514766768998503	1.17660975752177	0.686355691740621	0	1.02953353683878	1.37271138306943	0	1.37271137936311	0.686355689681554	1.14392615290103
0.636619771943168	0	0	0.509295817894065	0.381971863420549	0.127323954473516	0.636619772208426	0.318309886104213	0	0.636619771943168	0.636619771943168	0	0.636619769821102	0.636619769821102	0.47746482915632
0.855457819023887	0	1.28318672867841	1.79646142014977	1.99606824438907	1.42576303170648	1.99606824438907	1.46649911786111	0	2.19974867679166	2.56637345625694	0	2.56637345350725	2.56637345350725	1.60398341044701
