1.16808359869048	0.389361199563494	0.545105680053401	0.363403786702267	0.363403786702267	0.389361200008478	0.584041800012717	0	0	0.389361200008478	0.419312061510729	0	0.389361200008478	0.209656030755365	0.209656030755365
1.21924054461853	0.406413514872844	0.568978921515594	0.379319281010396	0.379319281010396	0.406413515337317	0.609620273005975	0	0	0.406413515337317	0.43767609340171	0	0.406413515337317	0.218838046700855	0.218838046700855
1.18513591399983	0.39504530466661	0.553063427207465	0.368708951471644	0.368708951471644	0.395045305118091	0.592567957677136	0	0	0.395045305118091	0.42543340547439	0	0.395045305118091	0.212716702737195	0.212716702737195
1.27323954414098	0.848826362760656	0.795774715379899	0.454728408812333	0.606304545083111	0.909456817624666	1.06103295389544	0.454728408812333	0.47746482922794	0.606304545083111	0.454728408812333	0	0.606304545083111	0.757880681353888	0.303152272541555
0.613883351487394	0.613883351487394	0.954929658414953	0.520870722798851	0.390653042099138	0.781306084198277	1.07429586587029	0.716197243913529	0.477464829275686	0.358098621956765	0.358098621956765	0.477464828798221	0.99644833931463	0.716197243913529	0.596831036594607
1.15636013260705	0.925088106085644	1.07926945770701	0.740070485318108	0.444042291190865	0.888084582381729	1.50755098873156	1.23345080896219	0.822300539308126	0.685250449423438	0.685250449423438	0.616725403710188	1.28089122464224	1.0964007190775	0.822300539308126
0.954929657808649	0	1.22776670367637	1.53470837959546	1.22776670367637	2.45553340735274	2.45553340735274	0.920825027757277	1.84165005551455	2.07450236146596	1.14591559018525	0	2.45553340735274	2.49513878516664	0.831712928388882
0.88471424201304	1.00267614074365	0.991657722341809	1.15693400939878	1.07429586587029	0.859436692661858	1.2032113697266	0.859436692661858	0.859436692661858	0.895246554817307	1.07429586578077	0	0.934170318026233	0.984771210299038	0.186834063605247
1.22902983743311	0.518496962555474	1.15964912164135	1.24885290022915	1.07044534305355	1.07044534305355	1.24885290022915	1.07044534305355	0.981241564465758	0.981241564465758	1.51646423599253	0	1.33805667881694	1.47483580593573	0.713630228702369
1.14759090454609	0.480975599598208	1.04211380017156	1.12227640018476	0.961951200158367	0.961951200158367	1.12227640018476	0.961951200158367	0.961951200158367	0.88178860014517	1.44292680023755	0	1.20243900019796	1.32146831532902	0.561138200092381
0.94000888232317	0.341821411712447	0.940008882636507	0.940008882636507	0.940008882636507	1.41001332395476	1.17501110329563	1.17501110329563	0.940008882636507	0.70500666197738	1.17501110329563	0	1.17501110329563	1.17501110329563	0.470004441318253
1.40207925950321	0.619866619875929	1.03450713009732	1.27323954473516	1.11408460164327	0.736091611779569	1.30860730983034	0.899667525508362	0.899667525508362	0.925372311924284	1.34599609007169	0	1.17774657881273	1.17774657881273	0.336499022517922
1.33409290454436	1.06727432363549	1.32297546428601	0.907183175551229	0.725746540440983	1.08861981066147	1.67996884374778	1.34397507499823	1.04674981798721	1.00798130624867	0.839984421873892	0.697833211266798	1.39566642398294	1.17597819062345	1.00798130624867
0.323283478034181	0	0.862089274889524	0.574726183259683	0.287363091629841	0.323283478034181	1.29313391213672	0.969850434102543	0.862089274889524	1.14945236651936	0.862089274889524	0	1.14945236651936	1.14945236651936	0.287363091629841
1.04445431319194	0.550920956178504	0.740893700600202	0.987858267466937	0.823215222889114	0.511569459919965	0.937877343186602	0.596831036573292	0.511569459919965	0.767354189879947	0.852615766533275	0	0.852615766533275	0.884194128222812	0.34104630661331
1.03166507651044	0.656514139239455	0.687776718361405	0.945692987746932	0.77374880815658	0.445781206328844	0.891562412657689	0.534937447594613	0.445781206328844	0.713249930126151	0.80240617139192	0	0.80240617139192	0.891562412657689	0.267468723797307
0.307257459477768	0	0.829595140700586	0.553063427133724	0.276531713566862	0.307257459477768	1.53628729738884	1.22902983791107	0.829595140700586	1.38265856783431	0.829595140700586	0	1.10612685426745	1.38265856783431	0.553063427133724
0.954929658233062	0.795774715194218	0.879540474935235	0.596831036594607	0.596831036594607	0.716197243913529	0.954929658551372	0.835563451232451	0.238732414637843	0.358098621956765	0.119366207318922	0	0.530516476914038	0.502594557105849	0.376945917829387
0.904088495471614	0	1.16239949491582	1.45299936864478	1.16239949491582	2.32479898983164	2.32479898983164	0.871799621186866	1.74359924237373	1.9640543190731	1.08490619533743	0	2.32479898983164	2.36229574799342	0.787431915997807
0.636619772102323	0.509295817537558	0.795774715409741	0.748964438079508	0.449378662847704	0.449378662847704	0.898757325695409	0.898757325695409	0.299585775231803	0.449378662847704	0	0	0.318309886163896	0.477464829245844	0.318309886163896
3.18707773159071	2.27648409184697	1.32794905629021	1.06235924503217	1.32794905629021	1.85912867880629	2.78236945142046	1.32794905629021	1.51765606441116	2.02354141921488	1.6774093341642	0	1.2647133870093	1.3978411118035	0.5591364447214
0.0682092612666329	0.0663145595921499	0.0663145595921499	0.071619724369867	0.0852615765832911	0.0795774715105799	0.0826381435284841	0.0826381435284841	0.0918201594760935	0.0642741116332654	0.0734561275808748	0.0397887357265536	0.0596831036544872	0.0696302875969017	0.0183640318952187
0.0568410510555274	0.0552621329934583	0.0552621329934583	0.0596831036415558	0.0710513138194093	0.0663145595921499	0.0688651196070701	0.0688651196070701	0.0765167995634112	0.0535617596943879	0.061213439650729	0.033157279772128	0.0497359197120726	0.0580252396640847	0.0153033599126822
1.30384626335698	0.706250059205181	1.92613652692903	0.770454610771613	0.770454610771613	3.08181844308645	1.54090922154323	0.770454610771613	1.92613652692903	2.69659113770065	2.21086975275821	0	2.57934804488458	3.05100025907163	0.678000057571474
0	0	0	0.186700990934723	0	0.56010297280417	1.12020594560834	0.933504954673617	0.373401981869447	0.56010297280417	0.186700990934723	0	0.373401981869447	0.56010297280417	0
1.73540101076086	0.752007104003586	1.327071363566	0.884714242377334	0.663535681783001	1.54824992416033	1.76942848475467	0.884714242377334	1.327071363566	1.76942848475467	1.76942848475467	0	1.82304752968549	2.36345090471206	1.10589280297167
1.17272063256804	0.99029742296769	1.19978341692356	0.795774715374215	0.636619772299372	1.1140846015239	1.63399074902233	1.18835690837987	0.922001049572221	0.891267681284905	0.742723067737421	0.594178453575952	1.38300157435833	1.38300157435833	0.922001049572221
0.450939005076306	0.473485955414297	0.270563403093884	0.541126806187768	0.375782504230255	0.450939005076306	0.507306381105416	0.422755317587847	0.507306381105416	0.253653190552708	0.465030849346632	0.491933460242252	0.380479785829062	0.225469502698487	0.253653190552708
0.450939005076306	0.473485955414297	0.270563403093884	0.541126806187768	0.375782504230255	0.450939005076306	0.507306381105416	0.422755317587847	0.507306381105416	0.253653190552708	0.465030849346632	0.491933460242252	0.380479785829062	0.225469502698487	0.253653190552708
4.89401449658006	2.0974347842486	1.63133816669193	1.22350362501895	2.03917270836491	2.44700725003789	2.85484179171087	2.22455204528676	2.44700725003789	1.63133816669193	2.03917270836491	0	2.44700725003789	2.03917270836491	1.63133816669193
3.04926401889352	1.39757934070645	1.34167617015734	1.11806347513112	0.894450780104896	1.34167617015734	2.45973964528846	1.16464945320917	1.39757934385101	2.23612695026224	1.63050923449284	0	1.94445821743673	2.09636901577651	0.972229108718364
1.19366207256396	0.659655355784802	1.09667702974259	1.17501110329563	1.01834295618955	1.01834295618955	1.17501110329563	1.01834295618955	0.940008882636507	0.940008882636507	1.41001332395476	0	1.21291468723379	1.25334517676512	0.727748812340271
3.82430963658992	1.42045786397016	1.46943917270506	1.46943917270506	1.22453264392088	1.71434570148923	2.69397181662594	1.26826595258236	1.46943917270506	2.60417275616753	2.02922552413178	0	2.02922552413178	2.69397181662594	1.22453264392088
3.81359728407999	1.28770817323285	1.37078612262657	1.37078612262657	1.14232176885547	1.88863865777201	2.83295798665801	1.22110258040832	1.416478993329	2.51310789148205	2.02354141887762	0	1.95376412865331	2.6864256768983	1.22110258040832
3.55114466352093	1.09265989591639	1.55362579198968	1.33167925027687	1.10973270856406	1.7755723337025	2.66335850055375	1.14553053783216	1.33167925027687	2.36742977834846	1.83284886053146	0	2.06195496809789	2.66335850055375	0.91642443026573
1.53186632595741	0.773669861435617	1.12913979896277	1.43024374535284	1.27969177215781	1.08313780712309	1.46997273823848	1.08313780712309	1.08313780712309	1.00577082090001	1.46997273823848	0	1.35281701620381	1.31068776652349	0.477464829248402
0	0	0	0	0	0.318309886125916	0.954929658377748	0.729460155777065	0.291784062310826	0.437676093466239	0.291784062310826	0	0.437676093466239	0.875352186932478	0.145892031155413
0	0	0	0	0	0.325544201749282	0.976632605247845	0.651088403498564	0.325544201749282	0.488316302623923	0.162772100874641	0	0.325544201749282	0.813860504373205	0.162772100874641
0.69513261835652	0.369289203454382	0.553933805787439	0.738578407716585	0.553933805787439	1.29251221350402	1.66180141736232	0.923223009645731	1.10786761157488	1.43239448774025	1.14360527642404	0	1.52480703523205	2.3276410425779	0.895246554837654
2.22021145450378	1.11010572725189	1.20663666078388	1.15636013330569	1.61890418662796	1.8501762132891	2.34830057860109	1.33212687362588	1.77616916483451	1.2808912246915	1.49437309547342	0.925088105642372	1.99819031043882	1.49437309547342	1.2808912246915
0.941666745999269	0.217307710559496	0.79100006716672	1.01700008635721	0.678000057571474	0.79100006716672	0.904000076761965	0.79100006716672	0.565000047976228	0.678000057571474	1.01700008635721	0	1.01700008635721	1.01700008635721	0.452000038380983
1.18813585916133	0.754815722219193	1.19764094657489	0.633672458559682	0.475254343919761	1.10892680247944	1.52760324837212	1.06932227386048	0.633672458559682	0.763801624186058	0.458280974511635	0.329022237717718	1.10892680247944	1.26734491711936	0.633672458559682
0.35809862184658	0	0.581910260643373	0.87286539096506	0.87286539096506	1.45477565160843	1.45477565160843	0.581910260643373	1.45477565160843	1.16382052128675	0.87286539096506	0	1.55176069493908	1.09536049069128	0
1.04871739227411	0	1.11227602274449	1.55718643184229	1.11227602274449	1.55718643184229	1.55718643184229	1.55718643184229	1.11227602274449	1.11227602274449	2.00209684094009	0	2.00209684094009	2.00209684094009	0.444910409097798
0.811078074935424	0	1.31800187247976	1.31800187247976	0.790801123487855	1.31800187247976	1.05440149798381	1.05440149798381	1.05440149798381	0.790801123487855	1.58160224697571	0	1.58160224697571	1.58160224697571	0.527200748991903
1.03166507690346	1.01356568941662	0.991207623520848	1.13280871259526	0.991207623520848	0.729460155815749	1.1671362493052	0.802406171397324	0.875352186978898	0.902706942792925	1.12838367849115	0	0.977932521359002	0.977932521359002	0.376127892830385
1.01461276158274	0.99681253752544	0.974824026437859	1.11408460164327	0.974824026437859	0.717402963157637	1.14784474105222	0.789143259473401	0.860883555789165	0.887786166878992	1.10973270859874	0	0.961768347452241	0.961768347452241	0.369910902866247
1.06576970754489	1.04707199319899	1.02397481768683	1.17025693449923	1.02397481768683	0.753574541131972	1.20571926581115	0.828931995245169	0.904289449358366	0.93254849462079	1.16568561827599	0	1.01026086917252	1.01026086917252	0.388561872758662
2.36494297984557	0.450465329357646	1.37955007304236	1.18247149117916	0.985392909315968	1.77370723676874	2.36494298235832	1.01717977732355	1.42405168825298	1.97078581863194	1.89195438575265	0	2.10217153972516	2.64466742104125	1.01717977732355
1.12166340754915	0.519594078275807	0.852316603136861	1.08476658581055	0.852316603136861	0.557042300806578	1.03450713006936	0.636619772350375	0.636619772350375	0.795774715437969	1.03450713006936	0	0.954929658525563	0.981455482345496	0.318309886175188
1.33008059476268	0.517253564473934	0.898387770873988	1.22507423300998	0.980059386407987	0.671031651936882	1.17430539088954	0.754910608428992	0.838789564921102	0.922668521413213	1.25818434738165	0	1.17430539088954	1.12071605754317	0.335515825968441
0.967589709963146	0.425739472302507	0.957913813686449	0.957913813686449	0.745044077311683	0.745044077311683	1.06434868187383	0.957913813686449	0.851478945499066	0.784256923442641	1.12036703348949	0	1.12036703348949	0.957913813686449	0.532174340936916
2.90899867463442	0.935035287325473	1.12849086792709	0.677094520756252	0.451396347170835	1.57988721509792	1.80558538868334	0.902792694341669	1.3541890415125	1.57988721509792	1.57988721509792	0	1.63631175842979	2.39992391254654	0.902792694341669
0.803009030689559	0	0.552068708850012	0.92011451475002	0.92011451475002	1.28816032065003	1.10413741770002	1.10413741770002	0.736091611800016	0.736091611800016	1.28816032065003	0	1.28816032065003	1.28816032065003	0.368045805900008
0.910167329972456	0.560102972373322	0.346730411702893	0.520095617554339	0.520095617554339	0.3640669322681	1.27423426293835	0.3832283497327	0.3640669322681	0.910167330670251	0.95807087433175	0	0.910167330670251	0.728133864536201	0.3640669322681
1.13921432878038	1.11408460072578	1.13462072333254	1.3091777576914	1.22189924051197	0.901878010824011	1.35281701623602	0.901878010824011	0.992065811906412	1.02627497779765	1.21287042830631	0	1.15955744240243	1.15955744240243	0.289889360600607
0.729460155351547	0.486306770234365	0.291784062335141	0.291784062335141	0.291784062335141	0.291784062335141	0.583568124670283	0	0.145892031167571	0.291784062335141	0.468938671576553	0	0.437676093502712	0.291784062335141	0.145892031167571
0.28136320280525	0.28136320280525	0	0.39390848411305	0	0.590862726169575	0.7878169682261	0.590862726169575	0.218838046702725	0.39390848411305	0.196954242056525	0	0.179049310978382	0.590862726169575	0
0.905193738307125	0.452596869153563	0.857551963106989	1.04811906601965	0.952835514563321	0.762268411650657	1.04811906601965	0.952835514563321	1.04811906601965	0.804616656697659	1.10634790295928	0	1.06493381026901	0.958440429242112	0.425973524107605
0.580553826083443	0.23652192905432	0.56018351680371	0.672220220164453	0.448146813442968	0.224073406721484	0.56018351680371	0.448146813442968	0.448146813442968	0.672220220164453	0.56018351680371	0	0.56018351680371	0.56018351680371	0.224073406721484
0.306941675743697	0.268573966333286	0.179049310888858	0.313336294055501	0.204627783829131	0.255784729786414	0.268573966467573	0.238732414637843	0.268573966467573	0.119366207318922	0.238732414637843	0.238732414558265	0.179049310978382	0.0976632605247846	0.119366207318922
1.15387333510849	0.576936667554247	0.461549334874187	0.230774667437093	0.230774667437093	0.69232400231128	0.923098669748373	0.461549334874187	0.461549334874187	0.923098669748373	0.879141590286783	0	1.09892698785848	1.00336811944876	0.839180608953704
1.46282116726355	1.17025693381084	1.24339799275001	0.795774715395815	0.994718394244768	1.39260575194268	1.84207110060064	1.28944977042045	1.33904399230819	1.10524266036038	1.10524266036038	0.765167994810085	1.53033599120937	1.28944977042045	1.10524266036038
1.2384244001598	0.928818300119846	1.29226893993629	0.619212200415304	1.03202033402551	1.44482846763571	1.71474147821605	1.14316098547736	1.1888874248489	0.95263415456447	0.95263415456447	0.762107322889468	1.58518323313187	1.14316098547736	1.14316098547736
1.30418633842825	1.0433490707426	1.2640575286417	0.869457559419098	0.695566047535279	1.21724058318674	1.78088893218345	1.29519195067887	1.00608660450926	0.971393963009154	0.809494969174295	0.670724402311497	1.5091299067639	1.34144880601235	1.00608660450926
0	0	0.233758822549342	0.20778562007849	0.20778562007849	0.467517645098684	1.16879411274671	0.831142480313962	0.374014116191151	0.748028232382303	0.748028232382303	0	0.935035290477878	1.12204234857345	0.374014116191151
1.10413741677991	0.662482449825035	0.803009031054563	1.10413741770002	0.903385159936383	0.52577972268926	1.05155944537852	0.630935667227112	0.52577972268926	0.841247556302816	0.946403500840668	0	0.946403500840668	1.05155944537852	0.315467833613556
0	0	0.137271138361851	0.124791943981202	0.137271138361851	0.274542276723703	0.686355691809256	0.499167775924808	0.228785230656469	0.457570461312937	0.457570461312937	0	0.571963076641172	0.686355691969406	0.228785230656469
0	0	0.134286983189024	0.123957215264121	0.134286983189024	0.268573966378049	0.805721899134146	0.619786076320603	0.345309385408979	0.575515642348298	0.460412513878638	0	0.575515642348298	0.805721899287617	0.230206256939319
1.35643417309216	0.628243195787133	1.02089519417499	1.25648639283075	1.09942559372691	0.725875585027877	1.290445484494	0.887181270589628	0.887181270589628	0.91182519474666	1.32629119235878	0	1.16050479331393	1.16050479331393	0.331572798089694
1.32297546387258	0.566989484400384	1.38049613681883	1.38049613681883	1.15041344734903	1.15041344734903	1.26545479208393	1.15041344734903	1.15041344734903	1.03537210261412	1.61057882628864	0	1.61057882628864	1.44324596115409	0.920330757879221
1.31302827993369	0.562726405570306	1.37011646661719	1.37011646661719	1.14176372218099	1.14176372218099	1.25594009439909	1.14176372218099	1.14176372218099	1.02758734996289	1.59846921105338	0	1.59846921105338	1.43239448776195	0.913410977744791
3.66624779151027	2.56637345307952	1.57930674262435	1.57930674262435	1.97413342828044	2.56637345650135	2.36896011393653	0.855457818833785	0.789653371312176	1.71091563766757	0.513274691163398	0	0.427728909416892	0.933226711341919	0.46661335567096
3.68708951086548	2.07398784931453	1.38265856785159	1.38265856785159	1.72832320981449	2.58096265978531	3.11098177766608	1.10612685419371	1.03699392588869	1.84354475698951	0.850866810752425	0	0.737417902795804	1.18513591510031	0.395045305033438
2.3674297770123	1.3528170154356	1.41163514723964	1.12734751347365	1.80375602155783	2.02922552425256	2.49750833774974	1.29870433557792	1.94805650336688	1.45687986368735	1.66500555849983	0.901878009801882	2.1645072259632	1.66500555849983	1.45687986368735
2.19742335761257	0.895246552504587	1.66701082612052	0.833505413060261	0.555670275373508	1.94484596380728	1.94484596380728	0.833505413060261	1.66701082612052	1.94484596380728	1.94484596380728	0	2.0143047481471	2.59910290113141	1.07429586576286
2.41716569506585	1.45029941703951	1.15103128475141	0.920825027801126	1.15103128475141	1.20858284892279	1.93373255827647	0.254438494494661	0.241716569784558	0.508876988989323	0.568744869965892	0	0.508876988989323	0.805721899178908	0.537147932785939
0.629385456371977	0.524487880309981	0.384624445613101	0.673092779822927	0.480780557016377	0.673092779822927	0.705144817309925	0.641040743009023	0.641040743009023	0.320520371504511	0.641040743009023	0.673092779822927	0.448728520106316	0.320520371504511	0.384624445805414
0.629385456371977	0.524487880309981	0.384624445613101	0.673092779822927	0.480780557016377	0.673092779822927	0.705144817309925	0.641040743009023	0.641040743009023	0.320520371504511	0.641040743009023	0.673092779822927	0.448728520106316	0.320520371504511	0.384624445805414
0.640236929757701	0.533530774798084	0.391255901571948	0.684697827750909	0.489069876964935	0.684697827750909	0.717302486573889	0.652093169612627	0.652093169612627	0.326046584806313	0.652093169612627	0.684697827750909	0.456465218728839	0.326046584806313	0.391255901767576
0.786731820464971	0	0.480780557256767	0.801300928761279	0.801300928761279	1.12182130026579	0.961561114513534	0.961561114513534	0.641040743009023	0.641040743009023	1.12182130026579	0	1.12182130026579	1.12182130026579	0.320520371504511
0.987613262442508	0.230443094512308	0.790090610349052	1.05345414713207	0.790090610349052	0.92177237874056	1.05345414713207	0.92177237874056	0.658408841957543	0.790090610349052	1.18513591552358	0	1.18513591552358	1.05345414713207	0.526727073566035
1.47786732758446	0.862089274171117	1.0904264344269	1.34206330391004	1.25818434741566	0.862089275057153	1.37934284009144	0.948298202562868	1.03450713006858	0.975392436893165	1.41875263548097	0	1.24140855604585	1.15273651632828	0.354688158870242
3.3979580326334	1.45626772827145	1.51694555124982	1.14217076807125	1.71325615210687	1.99879884412468	2.2843415361425	1.51694555124982	1.71325615210687	1.42771346008906	1.42771346008906	0	1.71325615210687	1.71325615210687	1.14217076807125
2.71022503991059	1.16152501710454	1.57289846102537	1.57289846102537	2.20205784543552	2.51663753764059	2.83121722984567	1.67775835831521	2.51663753764059	1.57289846102537	1.57289846102537	0	2.20205784543552	1.57289846102537	0.943739076615223
0.527200748728303	0.70293433128627	0.702934331989204	0.702934331989204	0.702934331989204	0.479273408130887	0.76683745300942	0.479273408130887	0.575128089757065	0.527200748886463	0.527200748886463	0	0.632640898663756	0.575128089757065	0.105440149777293
1.05042262377626	0.291784062108198	0.404008701601578	0.808017403203157	0.606013052402368	1.01002175400395	0.820642675317585	0.984771210381102	0.820642675317585	0.328257070127034	0.656514140254068	0.656514139597554	0.328257070127034	0.328257070127034	0.328257070127034
0.541126806187768	0	1.10685028594756	1.47580038126341	1.10685028594756	2.58265066721097	2.21370057189512	0.737900190631706	2.21370057189512	1.47580038126341	1.05872636052179	0	1.93259573726836	2.02922552442167	0
2.98777233995573	1.28047385998103	1.67681100757533	1.67681100757533	2.34753541060546	2.01217320909039	3.01825981363559	1.8057964695576	2.34753541060546	1.34144880606026	1.67681100757533	0	2.01217320909039	1.34144880606026	1.0060866045452
1.83312389523139	0.712881514506685	1.33665284220626	0.801991705323755	0.534661136882503	1.87131397908876	2.13864454753001	1.06932227376501	1.60398341064751	2.0738371370695	1.81460749493581	0	2.13864454753001	3.01926289083041	1.03691856853475
1.18537275214992	0.517253564484383	1.29313391256287	1.16382052130658	0.90519373879401	1.0345071300503	1.29313391256287	1.16382052130658	1.29313391256287	1.21924054607001	1.62565406142668	0	1.49018288964112	1.29313391256287	0.646566956281435
0.391255901637157	0.234753540919693	0.440162889488523	0.293441926325682	0.293441926325682	0.146720963162841	0.293441926325682	0.293441926325682	0.293441926325682	0.146720963162841	0	0	0	0.146720963162841	0
0.477464829036953	0.286478897336228	0.477464829275686	0.318309886183791	0.318309886183791	0.159154943091895	0.318309886183791	0.318309886183791	0.318309886183791	0.159154943091895	0	0	0	0.159154943091895	0
0.802406170886701	0.185170654772528	0.57773244342358	0.86659866513537	0.674021183994177	0.57773244342358	0.86659866513537	0.674021183994177	0.385154962282387	0.481443702852983	0.770309924564773	0	0.674021183994177	0.770309924564773	0.385154962282387
0.974824025852964	0.447623277126225	1.04445431404056	1.04445431404056	0.870378595033803	0.870378595033803	0.957416454537183	0.957416454537183	0.870378595033803	0.783340735530422	1.04445431404056	0	1.08986537112538	0.854553529591865	0.726576914083584
0	0	0	0.197413342873601	0	0.394826685747202	1.38189340011521	1.1844800572416	0.394826685747202	0.789653371494404	0.197413342873601	0	0.394826685747202	0.987066714368005	0.197413342873601
0.762617435224989	0.305046974089995	0.739152283725695	0.739152283725695	0.633559100336309	0.633559100336309	0.739152283725695	0.739152283725695	0.633559100336309	0.527965916946925	0.844745467115079	0	0.844745467115079	0.686355692083799	0.490254065774142
1.20957756640978	0.907183174807339	1.00798130619267	1.00798130619267	0.839984421827226	1.34397507492356	1.34397507492356	1.17597819055812	1.17597819055812	1.24515337816069	1.77879054022956	0	1.6009114862066	1.34397507492356	0.839984421827226
0.278521150132296	0.232100958598314	0.208890862703667	0.232100958598314	0.278521150132296	0.261113578379584	0.278521150410817	0.278521150410817	0.313336294212169	0.208890862808113	0.243706006609465	0.139260575066148	0.189900784353748	0.265861098095247	0.0696302876027042
0.265258238221234	0.221048531998394	0.198943678765397	0.221048531998394	0.265258238221234	0.248679598456747	0.265258238486492	0.265258238486492	0.298415518297304	0.198943678864869	0.232100958675681	0.132629119110617	0.180857889860712	0.253201045804997	0.0663145596216231
0.265258238221234	0.221048531998394	0.198943678765397	0.221048531998394	0.265258238221234	0.248679598456747	0.265258238486492	0.265258238486492	0.298415518297304	0.198943678864869	0.232100958675681	0.132629119110617	0.180857889860712	0.253201045804997	0.0663145596216231
0.384624445719942	0.494517144324379	0.519243001785384	0.314692728386248	0.472039092579371	0.314692728386248	0.314692728386248	0.314692728386248	0.157346364193124	0	0	0	0.346162001190256	0.519243001785384	0.346162001190256
0.358098621732953	0.31830988604232	0.21220659069488	0.37136153371604	0.238732414488635	0.298415518110794	0.330552574113936	0.293824510323499	0.330552574113936	0.146912255161749	0.293824510323499	0.31830988604232	0.220368382742624	0.119366207308974	0.146912255161749
0.885299370450687	0.708239496286775	1.07775575584379	0.708239496758934	0.283295798703574	0.708239496758934	1.13318319481429	0.849887396110721	0.295099790303927	0.283295798703574	0.141647899351787	0	0.615860431910737	0.769825539888422	0.461895323933053
0.9221624637887	0.734848213255975	1.09737333248693	0.725776013609772	0.435465608165863	1.01608641905368	1.16124162177563	0.870931216331726	0.30147619025665	0.435465608165863	0.145155202721954	0	0.753690475641624	0.904428570769949	0.452214285384975
0.860431410606566	0.688345128413551	1.04748171775829	0.688345128872447	0.275338051548979	0.688345128872447	1.10135220619591	0.826014154646937	0.286810470351569	0.275338051548979	0.137669025774489	0	0.598560981576166	0.748201226970208	0.448920736182125
1.4423416693664	0.786731819463676	0.927219646005591	0.618146430670394	0.309073215335197	2.16351250734638	1.23629286134079	0.618146430670394	1.23629286134079	1.85443929201118	1.23629286134079	0	1.92312222867093	3.28257070093077	1.23629286134079
1.47218322114639	0.803009029521546	1.26187133433405	0.946403500750534	0.630935667167023	2.20827483508458	1.57733916791756	0.946403500750534	1.57733916791756	2.20827483508458	1.57733916791756	0	2.29006279184263	3.35048595681209	1.26187133433405
1.79049310841462	1.49207759034552	1.17070703314008	1.12734751344233	1.12734751344233	1.50313001792311	2.09919881829485	1.22453264400533	1.4494468030548	1.39946587886324	1.22453264400533	0.780471354526178	1.57439911372114	1.57439911372114	1.22453264400533
3.49809301595951	2.51862697039944	1.25931348683683	1.25931348683683	1.67908464911577	2.51862697367366	2.67127103299988	0.763220295142822	1.04942790592473	1.74904650987455	0.763220295142822	0	0.699618603949822	1.14483044271423	0.381610147571411
1.22350362410132	1.07056567108865	1.13611050894616	1.31089674109173	1.22350362501895	0.996928879608143	1.45007837033912	1.08755877775434	0.996928879608143	0.941156634557561	1.31761928838059	0	1.17456347987724	1.27244376986701	0.39152115995908
1.45892031049468	0.732950395084989	1.1727206333087	1.46590079163588	1.2460156728905	1.05386381233677	1.50551973190967	1.12913979893225	1.05386381233677	1.05386381233677	1.50551973190967	0	1.39260575197672	1.27323954462603	0.541568903546501
1.05440149723066	1.05440149723066	0.966534706485156	1.14226828948246	1.05440149798381	0.916870867772142	1.283619214881	0.916870867772142	0.825183780994928	0.862692134635597	1.15025617951413	0	1.10461109296809	1.00419190269826	0.401676761079306
1.39923720708342	0.839542324250053	1.09505520617836	0.699618603978972	0.524713952984229	1.04942790596846	1.39923720795794	1.04942790596846	0.547527603089181	0.699618603978972	0.349809301989486	0	0.699618603978972	0.874523254973716	0.524713952984229
1.51197195856662	0.377992989496758	1.38049613681883	1.57770987065009	1.18328240298757	1.57770987065009	1.38049613681883	1.38049613681883	1.18328240298757	0.986068669156308	1.77492360448135	0	1.77492360448135	1.77492360448135	0.591641201493785
1.21134595501471	0.511036574668915	1.22178859330459	1.3157723312511	1.12780485535809	1.12780485535809	1.3157723312511	1.12780485535809	1.03382111741158	1.03382111741158	1.59772354509062	0	1.40975606919761	1.55744480020078	0.751869903572057
0.760667007066539	0.646566955947131	0.646566956283885	0.51725356504866	0.310352139029196	0.620704278058392	0.827605704077856	0.827605704077856	0.206901426019464	0.310352139029196	0.103450713009732	0	0.449785708698853	0.449785708698853	0.449785708698853
1.01859163517698	0.282942120832192	0.36378272701522	0.727565454030441	0.545674090522831	0.909456817538051	0.795774715459477	0.954929658551372	0.636619772367581	0.318309886183791	0.636619772367581	0.727565453198937	0.318309886183791	0.318309886183791	0.159154943091895
1.16382052085031	0.498780223119135	1.01201784466042	1.11321962912646	0.910816060194379	1.01201784466042	1.01201784466042	1.01201784466042	1.01201784466042	0.809614275728337	1.31562319805855	0	1.31562319805855	1.05801865573326	0.708412491262295
1.29313391161588	0.905193738131115	1.09108173877452	1.23655930394445	1.23655930394445	0.976107534011951	1.35153350863193	1.05119272893595	1.05119272893595	0.931056417025517	1.31899659078615	0	1.1236887791274	1.20395226335078	0.481580905340313
1.02982610181412	0.410321337402342	1.01002175423703	1.09419023375678	0.925853274717276	0.925853274717276	1.01002175423703	1.01002175423703	0.925853274717276	0.841684795197523	1.17835871327653	0	1.13795784306153	0.911825194721332	0.700281749576328
3.4172402650847	1.90389100369057	1.37963116412208	1.37963116412208	1.65555739694649	1.93148362977091	3.17315167763023	1.65555739694649	1.58657583881512	2.37986375822268	2.1154344514261	0	1.58657583881512	1.44234167150806	0.865405002904834
1.03575052737815	0.728439931059201	0.876825843885905	1.05219101266308	0.964508428274495	0.637384940338701	1.18371488920044	0.728439931815658	0.637384940338701	0.819494923292615	1.09265989772349	0	1.00160490624653	1.00160490624653	0.273164974430872
1.11102392906249	0.925853274218739	0.886869978893029	0.722165554279475	0.601804628566229	0.601804628566229	0.722165554279475	0.722165554279475	0.361082777139738	0.240721851426492	0.120360925713246	0	0.534937447554989	0.506782845081731	0.506782845081731
0.789143259036981	0.591857444277735	0.526095506302315	0.394571629726736	0.394571629726736	0.789143259453473	0.657619382877894	0.526095506302315	0.139260575189025	0.394571629726736	0.131523876575579	0	0.263047753151158	0.394571629726736	0.131523876575579
0.569702352802288	0.379801568534859	0.261113578493821	0.261113578493821	0.130556789246911	0.652783946234553	0.783340735481464	0.522227156987642	0.13926057518684	0.261113578493821	0.130556789246911	0	0.245753956244838	0.391670367740732	0
1.27039749127252	0.456040125012051	1.54657085997791	1.41768995497976	1.15992814498344	1.15992814498344	1.28880904998159	1.28880904998159	1.28880904998159	1.15992814498344	1.67545176497607	0	1.67545176497607	1.41768995497976	0.86457607106691
1.36547706757944	0.948647225638571	1.02770116213615	1.34391690433189	1.18580903323402	0.811905283994144	1.29904845439063	0.893095812393559	0.974286340792973	0.917904029378304	1.33513313364117	0	1.16824149193602	1.16824149193602	0.333783283410293
0.902706942059475	0.534937447257801	0.320962468568656	0.160481234284328	0.160481234284328	0.171944179578069	0.515832538734208	0	0	0.171944179578069	0.370341309829935	0	0.343888359156139	0.343888359156139	0.171944179578069
2.29779948897441	0.765933162991469	1.35164675894907	1.53186632691908	1.27655527243257	2.0424884358921	2.50669035369735	1.6711269024649	1.88001776527301	1.04445431404056	1.6711269024649	1.67112690079377	1.46223603965679	1.25334517684867	1.25334517684867
2.74984373286587	0.883878341893158	0.951868986459005	0.475934493229502	0.237967246614751	1.42780347968851	1.42780347968851	0.713901739844253	1.18983623307376	1.42780347968851	1.42780347968851	0	1.7324015552781	2.5206900938752	0.951868986459005
0.665557034384895	0	0.244037579375035	0.488075158750069	0.244037579375035	0.488075158750069	0.430654551895717	0.538318189869646	0.322990913921788	0.215327275947858	0.430654551895717	0.522937669412031	0.215327275947858	0.215327275947858	0.107663637973929
0.719039296263302	0.387175005641947	0.888225013232667	0.888225013232667	0.888225013232667	1.48037502205444	1.48037502205444	0.888225013232667	1.48037502205444	1.18430001764356	0.888225013232667	0	1.48037502205444	0.838879179213532	0
0.513274691163398	0.570305212302388	0.342183127624763	0.641593364339203	0.160398341084801	0.641593364339203	1.28318672867841	1.12278838759361	0.320796682169601	0.641593364339203	0.160398341084801	0	0.342183127624763	0.684366255249526	0.342183127624763
0.509295817588488	0.565884241664384	0.339530545240075	0.636619772367581	0.159154943091895	0.636619772367581	1.27323954473516	1.11408460164327	0.318309886183791	0.636619772367581	0.159154943091895	0	0.339530545240075	0.679061090480149	0.339530545240075
1.360601768045	0.853468381562167	1.12298471359249	1.34758165631098	1.19785036116532	0.768890434511011	1.30711373866872	0.922668521413213	0.922668521413213	0.869273352325149	1.26439760338203	0	1.13795784300951	1.13795784300951	0.325130812288432
1.61686953454633	1.18570432514534	1.35509065832528	1.60917015676127	1.52447699061594	1.13339384102917	1.65649869073494	1.2205779826468	1.2205779826468	1.16773910890272	1.52704345010355	0	1.48213040740432	1.5747635578671	0.463165752313852
1.27892364865802	0	1.49207759130001	0.746038795650005	0.373019397825002	2.61113578477502	1.86509698912501	0.373019397825002	1.49207759130001	1.79049310964058	0.688651196044214	0	1.86509698912501	2.98415518297304	0.66314559621623
0.774710089772638	0	0.823129471200505	0.823129471200505	0.617347103400379	1.64625894240101	2.05782367800126	1.02891183900063	1.23469420680076	1.59637230783722	1.19727923087791	0	1.85204131020114	2.51780779442699	0.774710090592919
1.76491463376134	0.748751662253572	1.24791943996328	0.74875166397797	0.499167775985313	1.49750332795594	1.99667110394125	0.998335551970626	1.24791943996328	1.7470872159486	1.7470872159486	0	1.80168369138216	2.58854146706559	1.21121592706421
1.74359923975833	0.739708767849157	1.23284794917983	0.739708769507897	0.493139179671931	1.47941753901579	1.97255671868773	0.986278359343863	1.23284794917983	1.72598712885176	1.72598712885176	0	1.77992422656601	2.63249297392374	1.23284794917983
1.55010283012204	0.930061698073222	0.826721509857709	0.587407388617461	0.979012314362435	1.17481477723492	1.37061724010741	0.413360754928855	0.826721509857709	0.979012314362435	0.783209851489947	0	0.979012314362435	1.17481477723492	0.587407388617461
0	0	0	0.160685279083163	0	0.482055837249491	0.803426395415818	0.642741116332654	0.160685279083163	0.321370558166327	0	0	0.160685279083163	0.348151437984508	0
0.954929657914752	0.238732414379216	0.802140913183153	1.03132403123548	0.687549354156988	0.687549354156988	0.916732472209317	0.687549354156988	0.572957795130823	0.687549354156988	1.03132403123548	0	1.03132403123548	1.03132403123548	0.458366236104659
0.947908116331024	0.947908116331024	1.00715237408554	0.826381435221273	0.619786076415955	0.619786076415955	1.05511201112261	0.767354189907352	0.575515642430514	0.383677094953676	0.383677094953676	0.447623276849125	0.723083755818614	0.696302876001253	0.596831036572502
1.0274855877046	0	1.29387074091813	1.29387074091813	0.970403055688595	2.58774148183625	2.26427379660672	0.646935370459063	1.94080611137719	1.8714916074737	0.903478707089648	0	2.26427379660672	2.62008825065033	0.58224183347785
0.293994547459866	0.283494742311565	0.206177994384981	0.251995326499169	0.251995326394171	0.240540993449145	0.277194859218384	0.251995326562168	0.277194859218384	0.1511971959373	0.251995326562168	0.236245618445317	0.226795793905951	0.215995994180715	0.100798130624867
0.293994547459866	0.283494742311565	0.206177994384981	0.251995326499169	0.251995326394171	0.240540993449145	0.277194859218384	0.251995326562168	0.277194859218384	0.1511971959373	0.251995326562168	0.236245618445317	0.226795793905951	0.215995994180715	0.100798130624867
0.172417854872538	0.129313391154404	0.184733415983245	0.161641739017091	0.215522318590673	0.161641739017091	0.16458067978821	0.16458067978821	0.21160373115627	0.16458067978821	0.16458067978821	0.0646566955179333	0.129313391249234	0.18809220547224	0.02351152568403
0.172417854872538	0.129313391154404	0.184733415983245	0.161641739017091	0.215522318590673	0.161641739017091	0.16458067978821	0.16458067978821	0.21160373115627	0.16458067978821	0.16458067978821	0.0646566955179333	0.129313391249234	0.18809220547224	0.02351152568403
0.172417854872538	0.129313391154404	0.184733415983245	0.161641739017091	0.215522318590673	0.161641739017091	0.16458067978821	0.16458067978821	0.21160373115627	0.16458067978821	0.16458067978821	0.0646566955179333	0.129313391249234	0.18809220547224	0.02351152568403
1.15540367234098	0.924322937872786	1.00134984989709	0.948647226287645	0.632431484191764	0.948647226287645	1.44194378441257	1.20161982034381	1.20161982034381	0.720971892206286	1.08145783830943	1.12651858093866	1.00134985024479	0.841133874240667	0.841133874240667
1.06576970729114	0.852615765832911	0.942364794275877	0.895246554623337	0.596831036415558	1.04445431372723	1.3773023921414	1.26252719279628	1.14775199345117	0.688651196070701	1.03297679410605	1.05323124049171	0.954929658513175	0.803426395415818	0.803426395415818
1.08708510143696	0.86966808114957	0.961212090161395	0.913151485715804	0.608767657143869	0.913151485715804	1.40484843998423	1.17070703332019	1.17070703332019	0.702424219992115	1.05363632998817	1.14143935677379	1.09578178314387	0.819494923324134	0.819494923324134
1.10115326191142	1.08755877700916	1.10510004840421	1.26297148389052	1.18403576614737	0.897235991650652	1.30507053331004	0.897235991650652	0.978802899982529	1.01255472408378	1.18131384476441	0	1.04871739276102	1.13611050882444	0.349572464253673
1.03749128455405	0.523104849198051	0.871841416201927	1.04620969944231	0.784657274581734	0.871841416201927	1.1333938410625	0.95902555782212	0.610288991341349	0.871841416201927	1.30776212430289	0	1.04620969944231	1.25756519424103	0.523104849721156
0.278521150225136	0.26857396640043	0.195326520996298	0.23873241457816	0.238732414478688	0.227880941162348	0.262605656101627	0.238732414637843	0.262605656101627	0.143239448782706	0.238732414637843	0.223811638527143	0.214859173174059	0.204627783960678	0.0954929658551372
0.313888915437719	0.313888915437719	0.235416686656762	0.235416686656762	0.235416686656762	0.235416686656762	0.353125029985143	0	0.117708343328381	0.235416686656762	0.353125029985143	0	0.353125029985143	0.353125029985143	0.117708343328381
0	0	0	0.191291998908528	0	0.382583997817056	1.3390439923597	1.14775199345117	0.382583997817056	0.765167995634112	0.191291998908528	0	0.382583997817056	0.95645999454264	0.191291998908528
0.891267680824417	0.990297422967689	0.934393536862095	1.07814638868703	0.934393536862095	0.668450760963679	1.11408460160613	0.742723067737421	0.816995374511163	0.845167628774536	1.07566789116759	0	0.922001049572221	0.965539988058647	0.30733368319074
0.895246554116031	0.447623276849125	0.767354189907352	0.959192737384191	0.671434916168933	0.575515642430514	0.959192737384191	0.767354189907352	0.383677094953676	0.671434916168933	0.959192737384191	0	0.767354189907352	0.895246554858754	0.479596368692095
1.0485502124478	0.54567408993818	0.739300380813965	0.985733841085287	0.821444867571073	0.509295817877089	0.933708999441329	0.594178454189937	0.509295817877089	0.763943726815633	0.848826363128481	0	0.848826363128481	0.87809623768783	0.339530545251392
2.00474014593979	1.11692665292199	0.744617769412466	0.930772211765583	0.744617769412466	0.965245256607486	1.93049051321497	1.00237007412648	0.965245256607486	1.54439241057198	1.45945082786079	0	1.45945082786079	1.80426613342766	0.601422044475886
0.862089273500603	0.431044636750301	0.344835709986462	0.172417854993231	0.172417854993231	0.517253564979693	0.689671419972923	0.344835709986462	0.344835709986462	0.369466832098443	0.738933664196885	0	0.738933664196885	0.484925217202811	0.344835709986462
1.22298008799205	0.512572536767939	0.995855215346431	1.16183108457084	0.912867280734228	0.912867280734228	1.24481901918304	1.07884314995863	0.912867280734228	0.995855215346431	1.49378282301965	0	1.24481901918304	1.28143134323897	0.580915542285418
1.79049310620284	0.775880345322937	1.3300805956874	0.886720397124935	0.665040297843701	1.55176069496863	1.9951208935311	1.10840049640617	1.3300805956874	1.77344079424987	1.77344079424987	0	1.82560081755033	2.37074550627546	1.10840049640617
3.9081380457316	1.46555176714935	1.83193970954734	1.83193970954734	2.56471559336627	2.1983276514568	3.29749147718521	1.99847968296087	2.93110353527574	1.83193970954734	2.1983276514568	0	2.56471559336627	1.83193970954734	1.46555176763787
1.87475160796497	1.56229300663748	1.10662421354751	1.06235924505341	1.2748310940641	1.48730294307478	1.96733193544148	1.18039916126489	1.6343988386116	1.37713235480904	1.37713235480904	0.885299369842043	1.6343988386116	1.37713235480904	1.18039916126489
1.16050479231461	0.870378594235956	1.02397481732542	0.967087327546701	0.580252396528021	1.35392225856538	1.51370190440661	1.51370190440661	1.36233171396595	0.756850952203307	1.05959133308463	1.16050479275947	1.10775457544721	0.908221142643968	0.908221142643968
0.391766013644122	0.391766013644122	0.477464829245844	0.477464829245844	0.477464829245844	0.795774715409741	0.795774715409741	0.477464829245844	0.795774715409741	0.636619772327793	0.477464829245844	0	0.795774715409741	0.599171550463606	0
0	0	0	0	0	0.139260575170593	0.557042300682373	0.495148711786436	0.139260575170593	0.278521150341187	0.278521150341187	0	0.278521150341187	0.557042300682373	0.139260575170593
0	0	0	0	0	0.156312890492022	0.625251561968088	0.547095116810003	0.156312890492022	0.312625780984044	0.312625780984044	0	0.312625780984044	0.625251561968088	0.156312890492022
2.21912630415269	0.904088493663438	1.62735929289765	0.813679646448824	0.542453097632549	1.89858584171392	1.89858584171392	0.813679646448824	1.62735929289765	1.89858584171392	1.89858584171392	0	1.96405431893765	2.54274889533269	1.04990922126267
1.90322785712266	0.713710446143442	0.951613930411689	0.475806965205844	0.475806965205844	1.18951741301461	1.18951741301461	0.713710447808766	0.951613930411689	1.42742089561753	1.42742089561753	0	1.37032405985678	1.53722250311068	0.913549373237853
4.0385566755721	2.07697200361068	1.33139231230094	1.33139231230094	1.59767077476113	1.93850720662666	3.04622561041333	1.44234167152991	1.10771840378666	2.30774667444786	1.97806857776849	0	1.73081000583589	1.97806857776849	1.31871238517899
1.40056349815826	1.07220172097934	1.23686127202844	1.38237436285532	1.30961781744188	0.973653769474723	1.42303243230921	1.04855021328047	1.12344665708622	1.00315842912448	1.38898859417236	0	1.19366207307731	1.2732395446158	0.557042300769411
0	0	0	0	0	0.190417521144827	0.761670084579308	0.666461324114004	0.166615331028501	0.333230662057002	0.333230662057002	0	0.333230662057002	0.666461324114004	0.166615331028501
0.947469269764904	0.561463271088766	0.336877962877845	0.168438981438922	0.168438981438922	0.180470337243098	0.541411011729293	0	0	0.180470337243098	0.388705341722328	0	0.360940674486195	0.360940674486195	0.180470337243098
0.660131297751552	0.792157557301862	0.635376374374676	0.816912481338869	0.726144427856772	0.58091554224669	0.871373313370035	0.58091554224669	0.58091554224669	0.51867459125217	0.726144427753038	0	0.622409509502604	0.77455405632892	0.103734918250434
0.586883852504643	0.391255901506739	0.939014164242183	0.704260623181637	0.469507082121091	0.234753541060546	0.469507082121091	0.234753541060546	0.234753541060546	0.469507082121091	0.469507082121091	0	0.469507082121091	0.704260623181637	0.469507082121091
0	0	0.179049310927225	0.167112690213067	0.179049310927225	0.358098621854451	1.4323944874178	1.00267614127841	0.470004441259503	0.783340735432505	0.626672588346004	0	0.940008882519006	1.25334517669201	0.313336294173002
1.63702227145156	0.881473530699274	1.79049310967192	1.07429586580315	1.43239448773753	2.1485917316063	2.1485917316063	1.43239448773753	2.1485917316063	1.43239448773753	1.07429586580315	0	1.79049310967192	1.01110199140733	0.337033997135778
0.701276467823345	0.233758822607781	0.801458820512654	0.601094115384491	0.801458820512654	1.20218823076898	1.20218823076898	0.601094115384491	1.20218823076898	1.00182352564082	0.801458820512654	0	1.20218823076898	0.561021174398931	0.187007058132977
0.581910260534265	0.387940173527868	0.931056417087588	0.698292312815691	0.465528208543794	0.232764104271897	0.465528208543794	0.232764104271897	0.232764104271897	0.465528208543794	0.465528208543794	0	0.465528208543794	0.698292312815691	0.465528208543794
0.205575134731096	0.205575134731096	0.462544053314566	0.770906755524277	0.616725404419422	0.925088106629133	1.07926945773399	0.462544053314566	0.770906755524277	0.616725404419422	0.616725404419422	0	1.02787567390674	1.02787567408621	0.293678764024632
4.17781725476965	1.25334517643089	1.88001776527301	1.88001776527301	2.50669035369735	2.82002664790952	3.13336294212169	2.33957766329489	2.50669035369735	1.56668147106084	2.19335405948518	0	2.19335405948518	1.88001776527301	1.56668147106084
0.66504029749218	0.66504029749218	0.980059386201659	0.443360198570912	0.55420024821364	0.665040297856368	1.01201784466042	0.708412491262295	0.506008922330211	0.303605353398126	0.303605353398126	0.423207461850859	0.775880347499097	0.529009327866629	0.529009327866629
0.698513360998506	0.55470178662634	0.754394430195232	0.48358617322216	0.36268962991662	0.725379259833239	0.967172346444319	0.604482716527699	0.125732405032539	0.48358617322216	0.12089654330554	0	0.377197215097616	0.628662025162694	0.251464810065077
3.46162000774862	2.16351250359887	1.15387333724316	1.15387333724316	1.44234167155395	2.12555614742454	2.8846833431079	1.21460351281402	1.15387333724316	1.82190526922103	1.01812353265499	0	0.910952634610516	1.60260185707739	0.320520371415478
0.930061697763202	0.572345660250023	0.323499721270548	0.485249581905822	0.485249581905822	0.338204254039532	1.18371488913836	0.354309218499199	0.354309218499199	0.708618436998398	0.930061698507251	0	0.885773046247997	0.885773046247997	0.354309218499199
0.318309886113055	0.409255567716728	0.429718346305146	0.260435361423101	0.390653042134652	0.260435361423101	0.260435361423101	0.260435361423101	0.130217680711551	0	0	0	0.286478897536764	0.429718346305146	0.286478897536764
3.01257570551259	2.53056359060612	1.53367490573999	1.53367490573999	1.91709363217499	2.68393108504498	2.46027016155217	0.702934331872049	0.973293690371722	1.75733582968012	0.766837452869995	0	0.702934331872049	1.15025617930499	0.383418726434997
1.04445431319194	0.746038794943932	1.00577082085345	1.00577082085345	0.928403834633952	0.56239847672618	1.11905819357492	0.746038795716615	0.820642675288277	0.77366986219496	1.00577082085345	0	0.642741116258492	0.895246554859938	0.38683493109748
0.461549334781877	0	0.692324002415128	1.03848600362269	1.03848600362269	1.73081000603782	1.73081000603782	0.692324002415128	1.73081000603782	1.38464800483026	1.03848600362269	0	1.82190526941281	1.31871238561856	0
0.694494296812591	0.462996197875061	0.848826363100187	0.795774715459477	0.477464829275686	0.477464829275686	0.954929658551372	0.954929658551372	0.318309886183791	0.477464829275686	0	0	0.339530545240075	0.509295817860112	0.339530545240075
0.847500071286343	0.62777783045692	0.794531317367255	0.794531317367255	0.941666746438714	0.6591667225071	0.997058908134694	0.74779418110102	0.913970665790136	0.706250059882004	0.794531317367255	0.353125028749205	0.6591667225071	0.74779418110102	0.176562514970501
0.814138746728435	0.661487731936289	0.503990652984338	0.716197243762751	0.472491237097349	0.503990652984338	0.723117024047959	0.657379112770872	0.657379112770872	0.525903290216698	0.788854935325046	0.687259980783446	0.591641201493785	0.481081987051362	0.197213733831262
0.684366254975779	0.549937169119353	0.488833039473258	0.466613355883057	0.233306677941528	0.583266694853821	1.04988005073688	0.816573372795349	0.233306677941528	0.466613355883057	0.116653338970764	0	0.366624779604943	0.641593364275044	0.256637345710018
2.31911488223726	1.15955744111863	0.932977252543319	0.932977252543319	1.11957270305198	1.15955744240243	2.31911488480486	0.801669342862633	0.386519147467476	1.20250401429395	1.08225361276515	0	1.00208667857829	1.29870433531818	0.649352167659089
0.329362312641011	0.370532601654236	0.247021734569961	0.456040125397931	0.228020062698965	0.684060188096896	1.36812037619379	1.14010031349483	0.456040125397931	0.684060188096896	0.228020062698965	0	0.494043469139921	0.741065203709882	0.247021734569961
0.409255567833658	0.318309886024636	0.424413181578387	0.318309886183791	0.318309886183791	0.106103295394597	0.212206590789194	0.212206590789194	0.212206590789194	0.106103295394597	0	0	0	0.106103295394597	0.106103295394597
0.696302875678891	0.522227156759168	0.696302876027042	0.928403834702723	0.812353355364882	0.696302876027042	0.812353355364882	0.812353355364882	0.812353355364882	0.696302876027042	0.928403834702723	0	0.88620366031749	0.759603137414991	0.379801568707496
0.727249670193911	0.818155878820427	0.791183707485672	0.935035290664885	0.863109499075279	0.673225409251788	0.972436702252583	0.673225409251788	0.748028232501987	0.701276467940224	0.935035290586966	0	0.779196075489138	0.822831055752186	0.155839215097827
3.32055085240905	1.52191913913097	1.12734751344233	0.901878010753865	0.676408508065399	1.80375602150773	2.25469502688466	1.12734751344233	1.3528170161308	2.1741702045822	1.80375602150773	0	1.87313125302413	2.1741702045822	1.12734751344233
3.05577490400304	2.18269635803774	1.34025215221172	1.07220172176938	1.34025215221172	1.87635301309641	2.8011269982773	1.34025215221172	1.5278874536058	2.0371832714744	1.60830258265407	0	1.2732395446715	1.34025215221172	0.536100860884689
2.91452489124142	1.29534439506383	1.1658099579616	1.1658099579616	0.932647966369283	1.39897194955392	2.46613644964419	1.1658099579616	1.34516533616956	1.94301659676963	1.70013952194516	0	1.63213394114624	1.63213394114624	0.728631223690785
3.76003552476136	1.39658462241924	1.39658462549172	1.1638205212431	0.931056416994482	1.86211283398896	2.79316925098345	1.20395226330927	1.39658462549172	2.47781143241195	1.74573078172749	0	1.92632362129483	2.64869497928039	0.997560446701422
3.41188408790209	1.2406851220759	1.36475363687653	1.13729469739711	0.909835757917685	1.59221257635595	2.50204833427363	1.17651175588341	1.36475363687653	2.42133709777008	1.64711645823678	0	1.88241880941346	2.50204833427363	0.941209404706731
0.871373313079578	0.580915542053052	0.829879346122026	1.03734918265253	0.933614264387279	0.829879346122026	0.933614264387279	0.933614264387279	0.933614264387279	0.829879346122026	1.03734918265253	0	1.00543074618588	0.893716218831896	0.446858109415948
1.9610162623962	1.05593183348772	2.42243185412842	1.61495456941894	1.61495456941894	2.82617049648315	2.42243185412842	2.01869321177368	2.42243185412842	1.61495456941894	1.90654358901574	0	2.28785230681889	1.80619918969421	0.361239837938841
2.75989139852177	1.18281059936647	1.15652591980111	1.15652591980111	1.73478887970166	2.02392035965193	2.02392035965193	1.2391349139841	1.85870237097616	1.44565739975138	1.44565739975138	0	1.73478887970166	1.73478887970166	1.15652591980111
3.79485067244995	1.62636457390712	1.44565739975138	1.08424304981354	2.16848609962707	2.52990044956492	2.52990044956492	1.57708079958541	2.16848609962707	1.80707174968923	1.80707174968923	0	2.16848609962707	1.80707174968923	1.44565739975138
2.79847441230119	2.51862696989572	1.52644059014688	1.52644059014688	1.90805073768359	2.51862697342179	2.28966088522031	0.763220295073438	0.69961860389152	1.52644059014688	0.419771162236965	0	0.381610147536719	0.839542324473931	0.419771162236965
1.4361246798311	0	1.12637229932299	0.901097839458396	0.675823379593797	1.80219567891679	2.25274459864599	0.901097839458396	1.80219567891679	2.18838046732599	1.75070437386079	0	2.25274459864599	2.7658697573982	0.875352186930394
1.3097125509263	0	1.09142712698461	0.873141701587688	0.654856276190766	1.9645688285723	2.18285425396922	0.873141701587688	1.74628340317537	2.12385819311491	1.69908655449193	0	2.18285425396922	2.6883573445193	0.849543277245965
0	0	0	0	0	0.142877732976974	0.714388664884869	0.654856276208956	0.285755465953947	0.428633198930921	0.428633198930921	0	0.428633198930921	0.857266397861842	0.142877732976974
0.53051647656036	0.557042300487408	0.318309885992805	0.636619771985609	0.4420970638003	0.53051647656036	0.596831036594607	0.497359197162173	0.596831036594607	0.298415518297304	0.54709511687839	0.530516476796146	0.447623277445956	0.265258238468808	0.298415518297304
0.583568124216396	0.612746530536149	0.350140874592085	0.700281749184171	0.486306770180331	0.583568124216396	0.656514140254068	0.54709511687839	0.656514140254068	0.328257070127034	0.601804628566229	0.58356812447576	0.492385605190551	0.291784062315689	0.328257070127034
0.374677261674832	0	0.963455815941736	0.642303877294491	0.321151938647245	0.321151938647245	0.642303877294491	0.321151938647245	0.562015892723003	0.843023839084505	0.562015892723003	0	0.843023839084505	0.562015892723003	0.281007946361502
3.10352138521347	1.42244730014989	1.05366466946552	0.842931735572414	0.63219880167931	1.68586347114483	2.10732933893103	1.05366466946552	1.31302828035663	1.89659640503793	1.53186632708274	0	1.59314098009497	2.10732933893103	0.875352186904422
4.35686656402859	1.86722852744082	1.45228885571354	1.08921664178516	1.81536106964193	2.17843328357032	2.5415054974987	1.9803938939748	2.17843328357032	1.45228885571354	1.81536106964193	0	2.17843328357032	1.81536106964193	1.45228885571354
3.17173064685946	1.34558269775021	1.1213189171704	0.897055133736316	0.672791350302237	1.79411026747263	2.24263783434079	1.15636013329364	1.38763215995237	2.24263783434079	1.85017621326983	0	1.90985931685631	2.54399229324601	0.954929658428155
2.84642493872291	1.34558269762788	1.15636013325751	0.925088106606006	0.693816079954504	1.85017621321201	2.08144823986351	1.19366207299669	1.43239448759603	2.08144823986351	1.61890418656051	0	1.67112690219536	2.46690161770011	1.15636013325751
0.92508810591219	0.548200359173284	0.32892021572325	0.164460107861625	0.164460107861625	0.176207258410584	0.528621775231751	0	0	0.176207258410584	0.379523325776131	0	0.352414516821167	0.352414516821167	0.176207258410584
0.748028231883617	0.719257915066152	0.863109499008885	0.863109499008885	0.791183707424812	0.598422585953716	1.03892810070028	0.761880607180207	0.692618733800188	0.719257915840738	0.863109499008885	0	0.598422585953716	0.831142480560226	0.287703166336295
0.954929657963723	1.11408460095768	0.985244885806971	1.18229386296837	1.08376937438767	0.931056417041035	1.24140855605471	0.931056417041035	0.827605704036475	0.762268411570418	1.08895487367202	0	1.14945236658322	0.980059386304823	0.344835709974967
1.4554300706232	1.16434405649856	1.34075982362263	1.50835480157546	1.42455731259905	1.12341008655495	1.64190704958031	1.20982624705918	1.20982624705918	1.15964912156653	1.5164642358947	0	1.38265856797257	1.47483580583741	0.55306342718903
1.11976870499406	0.559884352497028	0.522558729713878	0.261279364856939	0.261279364856939	0.783838094570817	1.04511745942776	0.522558729713878	0.522558729713878	0.559884353216879	1.04511745942776	0	1.04511745942776	0.691621848248362	0.489898809143503
1.18797796621197	0.593988983105984	0.554389718325891	0.277194859162945	0.277194859162945	0.831584577488836	1.10877943665178	0.554389718325891	0.554389718325891	0.593988983869684	1.10877943665178	0	1.10877943665178	0.733751097887856	0.519740360969503
1.10911100786934	0.55455550393467	0.739407339657862	0.492938226438575	0.492938226438575	0.98587645287715	1.23234556609644	0.739407339657862	0.739407339657862	0.782901888995773	1.23234556609644	0	1.23234556609644	0.665466605769714	0.700491163929409
1.43985487362471	0.959903249083139	0.903438353273976	0.677578764955482	0.677578764955482	1.12929794159247	1.35515752991096	0.903438353273976	0.903438353273976	0.959903250283018	1.35515752991096	0	1.35515752991096	0.80833957934524	0.853247333703411
0.728133864281354	0	0.647230101907041	0.809037627383801	0.647230101907041	0.809037627383801	0.809037627383801	0.809037627383801	0.485422576430281	0.485422576430281	0.809037627383801	0	0.809037627383801	0.809037627383801	0.32361505095352
0.820642674907264	0.700281749184171	0.799234605491942	0.54709511687839	0.328257070127034	0.54709511687839	0.765933163629746	0.656514140254068	0.218838046751356	0.328257070127034	0.109419023375678	0	0.47746482923228	0.47746482923228	0.47746482923228
2.53511087562789	1.90133315672092	1.18305174349201	0.887288807619011	1.18305174349201	1.26755543935312	1.5844442991914	0.341264925947809	0.31688885983828	0.341264925947809	0	0	0	0.739407339473011	0.369703669736505
2.64879297729558	1.98659473297169	1.23610339109983	0.927077543324875	1.23610339109983	1.32439649035059	1.54512923887479	0.331099122587647	0.309025847774958	0.331099122587647	0	0	0	0.713136571656709	0.356568285828354
1.2997653678906	0.428494077225492	1.39260575199078	1.39260575199078	1.13940470617428	1.26600522908253	1.26600522908253	1.26600522908253	1.13940470617428	1.01280418326602	1.64580679780729	0	1.64580679780729	1.39260575199078	0.847673066467703
1.10082168849581	0.733881125663872	0.550410844828893	0.366940563219262	0.366940563219262	0.388525302208036	0.582787953312053	0	0	0.412808133567202	0.440328675770156	0	0.412808133567202	0.440328675770156	0.220164337885078
1.20029352781772	0.400097842605906	0.600146764542347	0.400097843028231	0.400097843028231	0.423633010238882	0.847266020477764	0	0	0.450110073347371	0.48011741153252	0	0.450110073347371	0.24005870576626	0.24005870576626
0	0	0.278521150331239	0.278521150331239	0.278521150331239	0.324941341983482	0.974824025950447	0.649882683966965	0.557042300662479	0.835563450993718	0.835563450993718	0	1.11408460132496	1.11408460132496	0.278521150331239
0	0	0.295573465657642	0.295573465657642	0.295573465657642	0.344835709860022	1.03450712958007	0.689671419720044	0.591146931315284	0.886720396972925	0.886720396972925	0	1.18229386263057	1.18229386263057	0.295573465657642
3.64398504604587	2.27157509313993	1.20131375300694	0.961051002405554	1.20131375300694	1.74911282430007	2.64289025661527	0.999493042457184	0.961051002405554	1.49923956368577	0.814804110616602	0	0.749619781842888	1.30142323230322	0.520569292921289
0	0	0	0	0	0	0	0	0	0	0	0	0	0	0
2.09554008152864	0.48358617249678	1.21676521001115	1.21676521001115	1.01397100834262	1.82514781501673	2.4335304200223	1.04777004191687	1.25732405030024	1.82514781501673	1.73424006931386	0	1.95102007797809	2.72420210898385	1.04777004191687
2.18269635881728	0.694494295486739	1.15749049507348	0.694494297044089	0.462996198029393	1.62048669310287	2.08348289113227	0.925992396058786	1.38898859408818	1.85198479211757	1.85198479211757	0	1.90985931680433	2.69627197684832	1.15749049507348
1.80242972655037	1.0013498477275	1.2874498073273	0.643724903663652	0.321862451831826	2.25303716282278	1.93117471099095	0.643724903663652	1.60931225915913	1.93117471099095	1.2874498073273	0	1.66891641683512	2.70364459559333	0.621527493216985
0.77588034718505	0.517253564790033	0.376184410910281	0.188092205455141	0.564276616365422	0.752368821820563	0.564276616365422	0.376184410910281	0.206901425978084	0.376184410910281	0.188092205455141	0	0.188092205455141	0.376184410910281	0
0.445633840389926	0	0.911523764897989	1.21536501986398	0.911523764897989	2.12688878476198	1.82304752979598	0.607682509931993	1.82304752979598	1.51920627482998	0.871892296900301	0	1.59154943069159	1.6711269024649	0.278521150410817
1.49207758943491	0.994718392956608	0.994718394137836	0.994718394137836	0.746038795603377	1.24339799267229	1.49207759120675	1.24339799267229	0.994718394137836	1.06103295366303	1.74075718974121	0	1.49207759120675	0.884194128239186	0.884194128239186
1.77059873879879	1.77059873879879	1.32794905592502	1.32794905592502	1.77059874123336	2.02354141815493	1.77059874123336	0.44264968530834	0.39346638700086	0.44264968530834	0	0	0	1.01177070907747	0.505885354538733
1.72086281787896	0.688345126669743	0.764827920841915	0.382413960420957	0.382413960420957	0.764827920841915	0.956034901052393	0.382413960420957	0.573620940631436	0.956034901052393	1.01227224810365	0	0.956034901052393	0.905717274736829	0.573620940631436
0	0	0.537147932935147	1.07429586587029	0.537147932935147	0.537147932935147	1.61144379880544	1.61144379880544	0	0.64457751939326	1.28915503878652	0	0	3.22288758149644	0.64457751939326
0	0	0.485990986941323	0.971981973882647	0.485990986941323	0.485990986941323	1.45797296082397	1.45797296082397	0	0.566989484670379	1.13397896934076	0	0	1.70096845004221	0.566989484670379
0	0	1.05724355053902	1.05724355053902	1.05724355053902	0.528621775269509	2.11448710107804	1.05724355053902	0	1.85017621313492	1.23345080875661	0	0	0	0.616725404378307
0	0	1.43239448782706	1.43239448782706	1.43239448782706	0.477464829275686	2.38732414637843	1.43239448782706	0	1.90985931710274	1.63702227156849	0	0	0	0.545674090522831
0	0	1.14889974544462	1.53186632725949	1.14889974544462	0.765933163629746	1.91483290907436	0.875352186880374	0	1.31302828032056	0.875352186880374	0	0.765933162863813	0.765933162863813	0.382966581814873
0	0	0.630935667257157	0.946403500885735	0.736091611677334	0.736091611677334	1.104137417516	0.441654966903348	0	0.441654966903348	0	0	0.55206870843596	0.55206870843596	0.368045805838667
0.311678430186997	0	0.841531761598397	0.841531761598397	0.623356860373995	0.623356860373995	1.55839215093499	0.801458820226419	0	1.20218823033963	0.801458820226419	0	0.701276466946749	0.701276466946749	0.701276467823345
0.411813415126735	0	1.26711820077009	1.26711820077009	1.0295335380399	1.0295335380399	2.05906707607981	1.2354402453802	0	1.64725366050694	0.915140922371669	0	0.823626829182756	0.823626829182756	0.82362683025347
0.417781725532669	0	1.04445431404056	1.04445431404056	0.759603137414991	0.759603137414991	1.89900784353748	1.25334517659801	0	1.67112690213067	0.928403834393255	0	0.835563450062662	0.835563450062662	0.464201917196627
0.823626830006382	0	1.54430030718855	1.54430030718855	1.54430030718855	1.0295335381257	2.57383384531424	1.54430030718855	0	2.35321951537971	1.37271138371003	0	0	0	0.588304878844927
0.603462491953307	0	0.301731246278385	0.60346249255677	0.301731246278385	0.301731246278385	0.905193738835155	0.905193738835155	0	0.362077495461646	0.724154990923293	0	0	1.81038746861837	0.60346249255677
0.649882683642023	0	0.324941342145953	0.649882684291906	0.324941342145953	0.324941342145953	0.974824026437859	0.974824026437859	0	0.389929610497158	0.779859220994315	0	0	1.94964804312748	0.649882684291906
1.15387333626237	0	0.865405003062181	1.15387333741624	0.865405003062181	0.865405003062181	1.15387333741624	1.03848600346692	0	0.69232400231128	0.576936668131184	0	0	1.73080999747031	0.28846833435406
0.941666745999269	0	0.847500071964343	1.13000009595246	0.847500071964343	0.847500071964343	0.847500071964343	0.706250059793723	0	0.941666745999269	0	0	1.41250011429057	0	0.282500023988114
1.880017763863	0	1.79049310978382	1.79049310978382	1.43239448782706	1.43239448782706	1.79049310978382	1.67112690218638	0	2.00535228215574	0.626672587954333	0	2.50669033865721	0	0.83556345109319
0.74603879518373	0	0.426307883281862	0.426307883281862	0.426307883281862	0.426307883281862	0.568410511042483	0.49735919707928	0	0.596831036355875	0.397887357570583	0	0.497359195918775	0	0.142102627760621
0.481885799810042	0	0.788540399864391	0.591405299898293	0.433697219882045	0.650545829823068	1.2047144995251	0.813182287055209	0	1.08424304940695	0.619567456682268	0	0.722828697948148	0.722828697948148	0.271060762351736
0.348151437926483	0	0.83556345123245	0.83556345123245	0.618935889733044	0.618935889733044	1.54733972433261	0.79577471511843	0	1.19366207267765	0.79577471511843	0	0.928403832536447	0.928403832536447	0.696302875852966
0.325770274059781	0	0.781848657938936	0.521232438625957	0.289573576982246	0.579147153964492	1.30308109623912	0.744617769146531	0	1.1169266537198	0.744617769146531	0	0.868720729016247	0.868720729016247	0.372308884573266
0.323283478074592	0	1.03450713009732	0.77588034757299	0.574726183323541	0.862089274985312	1.61641739037296	0.862089274506374	0	1.29313391175956	0.862089274506374	0	0.862089273069558	0.862089273069558	0.738933664038542
0.387940173592525	0	0.25862678252433	0.129313391262165	0.129313391262165	0.25862678252433	0.310352138967125	0.310352138967125	0	0.517253564531406	0.387940173592525	0	0.387940173010615	0	0.155176069483563
0.606778220335591	0	0.455083665403388	0	0.151694555134463	0.303389110268926	0.520095617529573	0.606778220335591	0	0.728133864208541	0.728133864208541	0	0	0	0.404518813557061
0	0	0.815669083345964	0.815669083345964	0.815669083345964	0	0.815669083345964	0.815669083345964	0	0.815669083345964	0.815669083345964	0	0	0	0
0.308362702086366	0	0.205575134827031	0.102787567413516	0.102787567413516	0.205575134827031	0.2466901617431	0.2466901617431	0	0.411150269242913	0.308362702086366	0	0.308362701623822	0	0.12334508087155
0.666461323697466	0	0.571252563597696	0.95208760599616	0.571252563597696	0.571252563597696	0.761670084796928	0.666461324086235	0	0.533169059144582	0.333230661848733	0	0.666461322531158	0.666461322531158	0.190417521199232
0.588304878760883	0	0.457570461389199	0.152523487129733	0.171588922999501	0.343177845999002	0.588304878760883	0.686355691740621	0	1.02953353683878	0.823626829841657	0	0.686355689681554	0	0.457570461160414
0.424413181295445	0	0.254647908947032	0	0.127323954473516	0.254647908947032	0.318309886104213	0.318309886104213	0	0.424413181295445	0.424413181295445	0	0	0	0.159154943052107
0.285152606341296	0	0.769912037207044	0.769912037207044	0.570305212682591	0.570305212682591	1.42576303170648	0.733249558930554	0	1.09987433839583	0.733249558930554	0	0.641593363376813	0.641593363376813	0.641593364178805
