0	0	0.181701893351134	0.181701893351134	0	0.194680600004239	0	0.194680600004239	0.181701893351134	0.194680600004239	0.209656030755365	0	0.194680600004239	0.209656030755365	0
0	0	0.189659640505198	0.189659640505198	0	0.203206757668658	0	0.203206757668658	0.189659640505198	0.203206757668658	0.218838046700855	0	0.203206757668658	0.218838046700855	0
0	0	0.184354475735822	0.184354475735822	0	0.197522652559045	0	0.197522652559045	0.184354475735822	0.197522652559045	0.212716702737195	0	0.197522652559045	0.212716702737195	0
0.424413181380328	0.636619772070492	0.15915494307598	0.454728408812333	0.303152272541555	0.303152272541555	0.454728408812333	0.454728408812333	0.795774715379899	0.454728408812333	0.454728408812333	0	0.454728408812333	0.454728408812333	0.151576136270778
0.204627783829131	0.613883351487394	0.136418522630708	0.260435361399426	0.260435361399426	0.130217680699713	0.238732414637843	0.238732414637843	0.716197243913529	0.358098621956765	0.358098621956765	0.23873241439911	0.373668127242986	0.119366207318922	0.119366207318922
0.462544053042822	0.925088106085644	0.308362702202002	0.740070485318108	0.444042291190865	0.444042291190865	0.54820035953875	0.54820035953875	1.0964007190775	0.685250449423438	0.685250449423438	0.308362701855094	0.711606235912355	0.411150269654063	0.137050089884688
2.38732414452162	0.505550995257593	1.53470837959546	1.22776670367637	1.22776670367637	1.53470837959546	1.22776670367637	1.22776670367637	1.53470837959546	1.18542992083769	1.43239448773157	0	1.84165005551455	1.38618821398147	1.38618821398147
0.379163246577017	0.716197243388318	0.661105148227873	0.826381435284841	0.578467004699389	0.773493023395672	0.687549354129486	0.687549354129486	0.687549354129486	0.626672588372115	0.447623277408654	1.07429585297874	0.56050219081574	0.626672588372115	0.56050219081574
0.614514918716557	0	0.535222671526777	0.535222671526777	0.446018892938981	0.535222671526777	0.535222671526777	0.446018892938981	0.267611335763389	0.0892037785877962	0.356815114351185	0.691329279388948	0.356815114351185	0.368708951483934	0.267611335763389
0.573795452273047	0	0.561138200092381	0.641300800105578	0.480975600079184	0.721463400118776	0.641300800105578	0.561138200092381	0.400813000065986	0.0801626000131973	0.320650400052789	0.545105676928129	0.400813000065986	0.330367078832256	0.320650400052789
0.626672588215447	0.341821411712447	0.70500666197738	0.70500666197738	0.70500666197738	0.940008882636507	0.470004441318253	0.235002220659127	0.470004441318253	0.470004441318253	0.470004441318253	0	0.470004441318253	0.235002220659127	0.235002220659127
0.560831703801283	0.154966654968982	0.636619772367581	0.954929658551372	0.557042300821634	0.899667525508362	0.736091611779569	0.736091611779569	0.817879568643966	0.504748533776882	0.504748533776882	0.981455471276859	0.588873289406363	0.588873289406363	0.588873289406363
0.533637161817745	1.06727432363549	0.377992989796002	0.907183175551229	0.544309905330737	0.544309905330737	0.671987537499114	0.671987537499114	1.39566642398294	0.839984421873892	0.839984421873892	0.348916605633399	0.872291514989338	0.503990653124335	0.167996884374778
0	0	0	0	0	0	0	0	0	0.287363091629841	0	0	0.287363091629841	0	0
0.746038795137103	0.183640318726168	0.658572178311291	0.823215222889114	0.658572178311291	0.767354189879947	0.68209261322662	0.596831036573292	0.68209261322662	0.596831036573292	0.511569459919965	0.795774708562762	0.511569459919965	0.618935889755968	0.426307883266637
0.859720897092035	0.218838046413152	0.687776718361405	0.859720897951756	0.687776718361405	0.80240617139192	0.713249930126151	0.624093688860382	0.713249930126151	0.624093688860382	0.534937447594613	0.802406164734921	0.534937447594613	0.624093688860382	0.445781206328844
0	0	0	0	0	0	0	0	0	0.276531713566862	0	0	0.276531713566862	0	0
0.477464829116531	0.477464829116531	0.251297278552924	0.477464829275686	0.238732414637843	0.238732414637843	0.358098621956765	0.477464829275686	0.477464829275686	0.477464829275686	0.358098621956765	0	0.530516476914038	0.502594557105849	0.376945917829387
2.26022123867904	0.47863508578786	1.45299936864478	1.16239949491582	1.16239949491582	1.45299936864478	1.16239949491582	1.16239949491582	1.45299936864478	1.12231675375606	1.35613274417178	0	1.74359924237373	1.31238652666301	1.31238652666301
0.212206590700774	0.254647908768779	0.318309886163896	0.299585775231803	0.149792887615902	0.149792887615902	0.149792887615902	0.299585775231803	0.299585775231803	0.449378662847704	0.149792887615902	0	0.477464829245844	0.318309886163896	0.318309886163896
0	0	0	0	0.531179622516083	0	0	0.265589811258041	0.50588535480372	0.25294267740186	0	0	0	0	0
0.0852615765832911	0.0795774715105799	0.0928403834290099	0.0954929658264893	0.0682092612666329	0.0795774715105799	0.0642741116332654	0.0367280637904374	0.0642741116332654	0.0367280637904374	0.0459100797380467	0.0795774714531073	0.0298415518272436	0.0298415518272436	0.027546047842828
0.0710513138194093	0.0663145595921499	0.0773669861908416	0.0795774715220744	0.0568410510555274	0.0663145595921499	0.0535617596943879	0.0306067198253645	0.0535617596943879	0.0306067198253645	0.0382583997817056	0.0663145595442561	0.0248679598560363	0.0248679598560363	0.0229550398690234
1.30384626335698	0.706250059205181	1.92613652692903	1.15568191615742	1.15568191615742	1.54090922154323	1.54090922154323	0.770454610771613	0.770454610771613	0.385227305385807	1.1054348763791	0	1.1054348763791	0.678000057571474	0.678000057571474
0.303389110079307	0.303389110079307	0.373401981869447	0.373401981869447	0.202259406829095	0.186700990934723	0.186700990934723	0.373401981869447	0.373401981869447	0.373401981869447	0.186700990934723	0	0.373401981869447	0.373401981869447	0.373401981869447
0	0	0.442357121188667	0.221178560594333	0.221178560594333	0.221178560594333	0.221178560594333	0.442357121188667	0.663535681783001	0.221178560594333	0.663535681783001	0	0.683642823632059	0.644577519466927	0.442357121188667
0.469088253027215	0.99029742296769	0.34279526197816	0.636619772299372	0.477464829224529	0.477464829224529	0.594178454189937	0.594178454189937	1.22933473276296	0.742723067737421	0.742723067737421	0.297089226787976	0.768334207976851	0.46100052478611	0.15366684159537
0.526095505922358	0.405845104640826	0.608767656961239	0.608767656961239	0.526095505922358	0.526095505922358	0.295928722311493	0.253653190552708	0.338204254070278	0.380479785829062	0.422755317587847	0.368950095181689	0.253653190552708	0.0901878010793948	0.0422755317587847
0.526095505922358	0.405845104640826	0.608767656961239	0.608767656961239	0.526095505922358	0.526095505922358	0.295928722311493	0.253653190552708	0.338204254070278	0.380479785829062	0.422755317587847	0.368950095181689	0.253653190552708	0.0901878010793948	0.0422755317587847
0.699144928082865	0.699144928082865	1.22350362501895	1.22350362501895	0.407834541672982	0.407834541672982	0.407834541672982	0.444910409057352	0.815669083345964	0.815669083345964	0.407834541672982	0	1.22350362501895	0.407834541672982	0
0	0	0.223612695026224	0.223612695026224	0.223612695026224	0.223612695026224	0.223612695026224	0.46585978128367	0.46585978128367	0.223612695026224	0.46585978128367	0	0.486114554359182	0.46585978128367	0.486114554359182
0.358098621769189	0	0.391670367765211	0.470004441318253	0.391670367765211	0.548338514871296	0.391670367765211	0.470004441318253	0.313336294212169	0.0783340735530422	0.235002220659127	0.501338068032245	0.404304895744595	0.334225380470698	0.323443916595676
0	0	0.244906528784176	0.244906528784176	0	0.244906528784176	0	0.507306381032944	0.979626115136705	0.473485955666823	0.507306381032944	0	0.760959571549416	0.489813057568352	0.244906528784176
0	0	0.228464353771095	0.228464353771095	0.228464353771095	0.236079832221501	0	0.488441032163327	1.1803991611075	0.685393061313285	0.505885354719406	0	0.73266154824499	0.488441032163327	0.244220516081663
0	0	0.443893083425624	0.443893083425624	0.221946541712812	0.443893083425624	0.221946541712812	0.687318322699297	0.887786166851249	0.430441777881539	0.687318322699297	0	0.91642443026573	0.665839625138437	0.458212215132865
0.557042300348148	0.154733972287123	0.602207892780145	0.752759865975181	0.526931906182627	0.773669862230778	0.541568903561545	0.618935889784623	0.541568903561545	0.232100958669233	0.309467944892311	0.696302870282543	0.477464829248402	0.491507912446308	0.477464829248402
0	0	0	0	0	0	0	0	0	0	0	0	0	0	0
0	0	0	0	0	0	0	0	0	0	0	0	0	0	0
1.04269892753478	0.369289203454382	0.738578407716585	0.553933805787439	0.369289203858293	0.553933805787439	0.369289203858293	0.553933805787439	1.10786761157488	0.895246554837654	0.762403517616027	0	1.14360527642404	0.716197243870123	0.537147932902592
0.370035242417298	1.11010572725189	0.482654664313554	0.925088106644551	0.693816079983413	0.462544053322275	0.640445612345752	0.666063436812939	1.55414801923019	0.853927483127669	0.853927483127669	0.462544052821186	0.888084582417253	0.426963741563835	0.213481870781917
0.753333396799416	0	0.565000047976228	0.565000047976228	0.565000047976228	0.79100006716672	0.565000047976228	0.452000038380983	0.565000047976228	0.452000038380983	0.452000038380983	0	0.339000028785737	0.226000019190491	0.339000028785737
0.475254343664532	0.754815722219193	0.171091563796413	0.475254343919761	0.316836229279841	0.316836229279841	0.611041299348847	0.458280974511635	0.950508687839522	0.611041299348847	0.611041299348847	0.329022237717718	0.633672458559682	0.475254343919761	0.15841811463992
1.7904931092329	0.387940173624853	1.16382052128675	0.87286539096506	0.87286539096506	1.16382052128675	0.87286539096506	0.87286539096506	1.16382052128675	0.87286539096506	0.87286539096506	0	1.24140855595126	0.82152036801846	0.82152036801846
1.04871739227411	0	0.667365613646697	0.667365613646697	0.889820818195597	1.11227602274449	0.667365613646697	0.444910409097798	0.444910409097798	0.444910409097798	0.667365613646697	0	0.444910409097798	0.444910409097798	0.444910409097798
0.405539037467712	0	0.527200748991903	0.263600374495952	0.527200748991903	0.790801123487855	0.527200748991903	0	0	0	0.263600374495952	0	0	0	0
0.458517811957092	0.63347855588539	0.778805989909238	0.920407078983645	0.637204900834831	0.875352186978898	0.802406171397324	0.802406171397324	0.875352186978898	0.677030207094694	0.451353471396462	0.802406163130109	0.601804628528616	0.601804628528616	0.601804628528616
0.450939005147884	0.6230078359534	0.765933163629746	0.905193738835155	0.626672588424338	0.860883555789165	0.789143259473401	0.789143259473401	0.860883555789165	0.665839625159244	0.443893083439496	0.789143251342834	0.591857444585995	0.591857444585995	0.591857444585995
0.473675425575509	0.65441999574937	0.804551642468221	0.950833759280625	0.658269525655817	0.904289449358366	0.828931995245169	0.828931995245169	0.904289449358366	0.699411370965592	0.466274247310395	0.828931986704658	0.62169899641386	0.62169899641386	0.62169899641386
0.394157163307595	0	0.788314327452775	0.591235745589581	0.394157163726387	0.591235745589581	0.394157163726387	0.610307866394133	0.813743821858845	0.591235745589581	0.840868615890064	0	1.2613029238351	1.01717977732355	0.610307866394133
0.560831703774577	0	0.542383292905275	0.774833275578964	0.619866620463171	0.795774715437969	0.557042300806578	0.636619772350375	0.557042300806578	0.397887357718985	0.397887357718985	0.736091605543237	0.477464829262782	0.408939784310623	0.397887357718985
0.591146931005635	0	0.653372924271991	0.898387770873988	0.571701308737993	0.838789564921102	0.671031651936882	0.671031651936882	0.754910608428992	0.503273738952662	0.503273738952662	0.775880340978007	0.587152695444772	0.603462492523244	0.587152695444772
0.193517941992629	0	0.106434868187383	0.106434868187383	0.106434868187383	0.106434868187383	0.106434868187383	0.212869736374766	0.212869736374766	0	0.224073406697897	0	0.112036703348949	0.106434868187383	0.106434868187383
0	0	0.225698173585417	0.225698173585417	0.225698173585417	0.225698173585417	0.225698173585417	0.451396347170835	0.225698173585417	0	0.451396347170835	0	0.233758822632827	0.218174901140595	0.225698173585417
0.803009030689559	0	0.552068708850012	0.552068708850012	0.736091611800016	0.92011451475002	0.552068708850012	0.368045805900008	0.368045805900008	0.368045805900008	0.552068708850012	0	0.368045805900008	0.368045805900008	0.368045805900008
0.303389109990819	0	0.346730411702893	0.346730411702893	0.173365205851446	0.3640669322681	0.18203346613405	0.3832283497327	0.728133864536201	0.728133864536201	0.57484252459905	0	0.728133864536201	0.546100398402151	0.3640669322681
0.284803582195095	0.636619771843306	0.698228137435412	0.960063688973691	0.610949620255985	0.901878010824011	0.721502408659209	0.721502408659209	0.721502408659209	0.559786351525991	0.466488626271659	1.35281699666526	0.676408508068083	0.773038294934952	0.676408508068083
0.243153385117182	0	0.291784062335141	0.291784062335141	0.145892031167571	0.291784062335141	0.145892031167571	0.291784062335141	0.437676093502712	0.437676093502712	0.312625781051035	0	0.437676093502712	0.291784062335141	0.145892031167571
0.28136320280525	0.28136320280525	0.196954242056525	0.39390848411305	0	0.196954242056525	0.39390848411305	0.39390848411305	0.437676093405451	0.39390848411305	0.39390848411305	0	0.358098621956765	0.39390848411305	0.196954242056525
0.301731246102375	0.301731246102375	0.381134205825328	0.571701308737993	0.381134205825328	0.571701308737993	0.381134205825328	0.571701308737993	0.47641775728166	0.201154164174415	0.402308328348829	0.905193731141008	0.425973524107605	0.745453667188309	0.532466905134507
0.580553826083443	0.23652192905432	0.336110110082226	0.56018351680371	0.448146813442968	0.56018351680371	0.336110110082226	0.336110110082226	0.56018351680371	0.56018351680371	0.336110110082226	0	0.336110110082226	0.336110110082226	0.224073406721484
0.306941675743697	0.179049310888858	0.313336294055501	0.313336294055501	0.255784729786414	0.306941675743697	0.149207759148652	0.149207759148652	0.149207759148652	0.179049310978382	0.238732414637843	0.198943678798555	0.119366207318922	0.0325544201749282	0.0298415518297304
0	0	0.230774667437093	0.230774667437093	0.230774667437093	0.230774667437093	0.230774667437093	0.461549334874187	0.230774667437093	0	0.439570795143391	0	0.219785397571696	0.200673623889752	0.209795152238426
0.585128466905422	1.17025693381084	0.414465997583336	0.994718394244768	0.596831036546861	0.596831036546861	0.736828440240256	0.736828440240256	1.53033599120937	0.92103555030032	0.92103555030032	0.382583997405043	0.956459994505854	0.552621330180192	0.184207110060064
0.309606100039949	0.928818300119846	0.430756313312096	0.825616267220406	0.619212200415304	0.412808133610203	0.571580492738682	0.571580492738682	1.38703532899039	0.762107323651576	0.762107323651576	0.381053661444734	0.792591616565935	0.381053661825788	0.190526830912894
0.5216745353713	1.0433490707426	0.361159293897629	0.695566047535279	0.521674535651459	0.521674535651459	0.647595975339436	0.647595975339436	1.34144880601235	0.809494969174295	0.809494969174295	0.335362201155748	0.83840550375772	0.503043302254632	0.167681100751544
0	0	0	0	0	0	0	0	0	0	0	0	0	0	0
0.920114513983258	0.220827483275012	0.702632902172743	0.803009031054563	0.602256773290922	0.736091611764964	0.736091611764964	0.52577972268926	0.736091611764964	0.736091611764964	0.52577972268926	0	0.52577972268926	0.52577972268926	0.420623778151408
0	0	0	0	0	0	0	0	0	0	0	0	0	0	0
0	0	0	0	0	0	0	0	0	0	0	0	0	0	0
0.542573669236862	0.157060798946783	0.628243196415376	0.942364794623064	0.549712796863454	0.887181270589628	0.725875585027877	0.725875585027877	0.806528427808752	0.497359197134542	0.497359197134542	0.74603878940193	0.580252396656965	0.580252396656965	0.580252396656965
0.496115798952217	0	0.575206723674513	0.46016537893961	0.46016537893961	0.575206723674513	0.575206723674513	0.345124034204708	0.345124034204708	0.115041344734903	0.345124034204708	0	0.345124034204708	0.360811490288521	0.345124034204708
0.492385604975132	0	0.570881861090494	0.456705488872395	0.456705488872395	0.570881861090494	0.570881861090494	0.342529116654296	0.342529116654296	0.114176372218099	0.342529116654296	0	0.342529116654296	0.358098621940487	0.342529116654296
0	0	0	0	0.789653371312176	0	0	0.427728909416892	0.789653371312176	0.427728909416892	0	0	0	0	0
0	0	0	0	0.691329283925796	0	0	0.368708951397902	0.691329283925796	0.368708951397902	0	0	0	0	0
0	1.0146127615767	0.70581757361982	0.901878010778917	0.450939005389459	0.450939005389459	0.416251389624957	0.432901445192639	1.51515505817424	0.832502779249914	0.624377084437436	0.450939004900941	0.865802890385278	0.208125694812479	0
0	0	0.555670275373508	0.277835137686754	0.277835137686754	0.277835137686754	0.277835137686754	0.555670275373508	0.555670275373508	0	0.555670275373508	0	0.575515642327744	0.519820580226283	0.268573966440716
0	0	0.230206256950281	0.230206256950281	0.230206256950281	0.241716569784558	0	0.254438494494661	0.725149709353676	0.508876988989323	0.284372434982946	0	0.508876988989323	0.268573966392969	0
0.524487880309981	0.419590304247985	0.673092779822927	0.673092779822927	0.576936668419652	0.576936668419652	0.448728520106316	0.384624445805414	0.448728520106316	0.512832594407218	0.512832594407218	0.384624445613101	0.384624445805414	0.128208148601804	0.0641040743009023
0.524487880309981	0.419590304247985	0.673092779822927	0.673092779822927	0.576936668419652	0.576936668419652	0.448728520106316	0.384624445805414	0.448728520106316	0.512832594407218	0.512832594407218	0.384624445613101	0.384624445805414	0.128208148601804	0.0641040743009023
0.533530774798084	0.426824619838467	0.684697827750909	0.684697827750909	0.586883852357922	0.586883852357922	0.456465218728839	0.391255901767576	0.456465218728839	0.521674535690101	0.521674535690101	0.391255901571948	0.391255901767576	0.130418633922525	0.0652093169612627
0.786731820464971	0	0.641040743009023	0.641040743009023	0.641040743009023	1.12182130026579	0.641040743009023	0.480780557256767	0.641040743009023	0.480780557256767	0.480780557256767	0	0.320520371504511	0.320520371504511	0.320520371504511
0.790090609954007	0	0.658408841957543	0.658408841957543	0.658408841957543	0.92177237874056	0.658408841957543	0.526727073566035	0.658408841957543	0.526727073566035	0.526727073566035	0	0.395045305174526	0.263363536783017	0.395045305174526
0.591146931033785	0.344835709668447	0.754910608449396	1.00654747793253	0.587152695460641	0.948298202562868	0.775880347551438	0.775880347551438	0.862089275057153	0.532032238305363	0.532032238305363	0.775880341171977	0.620704278022923	0.620704278022923	0.620704278022923
0.485422576090485	0.97084515218097	0.910167330749891	0.856628076053437	0.285542692017812	0.285542692017812	0.285542692017812	0.303389110249964	0.856628076053437	0.571085384035624	0.285542692017812	0	0.856628076053437	0.285542692017812	0
1.54870002280605	0.774350011403026	1.2583187688203	0.943739076615223	0.629159384410149	0.943739076615223	0.629159384410149	0.671103343326085	0.943739076615223	0.943739076615223	0.629159384410149	0	1.2583187688203	0.314579692205074	0.629159384410149
0.131800187182076	0.527200748464703	0.439333957493253	0.439333957493253	0.351467165994602	0.479273408130887	0.575128089757065	0.38341872650471	0.575128089757065	0.527200748886463	0.210880299554585	0	0.316320449331878	0.287564044878532	0.316320449331878
0.262605655944064	0.291784062108198	0.404008701601578	0.606013052402368	0.404008701601578	0.404008701601578	0.164128535063517	0.164128535063517	0.328257070127034	0.656514140254068	0.328257070127034	0	0.328257070127034	0	0
2.70563403093884	0.579778720849205	1.47580038126341	1.10685028594756	1.10685028594756	1.47580038126341	1.10685028594756	1.10685028594756	1.47580038126341	1.10685028594756	1.05872636052179	0	1.54607658981469	1.01461276221083	1.01461276221083
1.28047385998103	0.426824619993676	1.0060866045452	0.67072440303013	0.335362201515065	0.67072440303013	0.335362201515065	0.361159293911519	0.67072440303013	0.67072440303013	0.335362201515065	0	1.0060866045452	0.335362201515065	0.335362201515065
0	0	0.534661136882503	0.267330568441252	0.267330568441252	0.267330568441252	0.267330568441252	0.267330568441252	0.534661136882503	0.259229642133687	0.518459284267375	0	0.801991705323755	0.754815722707603	0.518459284267375
0.237074550429984	0	0.258626782512574	0.258626782512574	0.129313391256287	0.258626782512574	0.258626782512574	0.258626782512574	0.258626782512574	0	0.270942343571113	0	0.135471171785557	0.129313391256287	0.129313391256287
0	0	0	0	0	0	0	0	0	0.146720963162841	0	0	0.146720963162841	0	0
0	0	0	0	0	0	0	0	0	0.159154943091895	0	0	0.159154943091895	0	0
0.802406170886701	0.185170654772528	0.481443702852983	0.481443702852983	0.57773244342358	0.57773244342358	0.481443702852983	0.385154962282387	0.481443702852983	0.481443702852983	0.385154962282387	0	0.385154962282387	0.28886622171179	0.28886622171179
0.139260575121852	0	0.17407571900676	0.17407571900676	0.17407571900676	0.261113578510141	0.17407571900676	0.17407571900676	0.261113578510141	0	0.0870378595033803	0	0.181644228520896	0.284851176530622	0.181644228520896
0.285152606246245	0.320796681969104	0.394826685747202	0.394826685747202	0.213864454761912	0.197413342873601	0.197413342873601	0.394826685747202	0.394826685747202	0.394826685747202	0.197413342873601	0	0.394826685747202	0.394826685747202	0.394826685747202
0.152523487044998	0	0.105593183389385	0.105593183389385	0.105593183389385	0.105593183389385	0.105593183389385	0.105593183389385	0.105593183389385	0	0.105593183389385	0	0.105593183389385	0.0980508131548284	0.0980508131548284
0	0	0	0	0	0.33599376873089	0	0.167996884365445	0.167996884365445	0	0.177879054022956	0	0	0	0
0.348151437665369	0.278521150317976	0.313336294055501	0.324941342037639	0.208890862599222	0.261113578379584	0.208890862808113	0.104445431404056	0.208890862808113	0.104445431404056	0.17407571900676	0.278521150132296	0.0759603137414991	0.113940470612249	0.0696302876027042
0.331572797776542	0.265258238398073	0.298415518148096	0.309467944797752	0.198943678665925	0.248679598456747	0.198943678864869	0.0994718394324346	0.198943678864869	0.0994718394324346	0.165786399054058	0.265258238221234	0.0723431559442849	0.108514733916427	0.0663145596216231
0.331572797776542	0.265258238398073	0.298415518148096	0.309467944797752	0.198943678665925	0.248679598456747	0.198943678864869	0.0994718394324346	0.198943678864869	0.0994718394324346	0.165786399054058	0.265258238221234	0.0723431559442849	0.108514733916427	0.0663145596216231
0	0	0	0	0	0	0	0	0	0	0	0	0	0	0
0.417781725355112	0.2652582383686	0.424413181389759	0.424413181389759	0.358098621732953	0.358098621732953	0.220368382742624	0.183640318952187	0.183640318952187	0.257096446533062	0.293824510323499	0.2652582383686	0.146912255161749	0.0795774715393162	0.0367280637904374
0.442649685225343	0.708239496286775	0.153965107977684	0.42494369805536	0.141647899351787	0.141647899351787	0.42494369805536	0.42494369805536	0.737749475759817	0.42494369805536	0.42494369805536	0	0.461895323933053	0.461895323933053	0.307930215955369
0.46108123189435	0.734848213255975	0.156767618926705	0.435465608165863	0.145155202721954	0.145155202721954	0.435465608165863	0.435465608165863	0.753690475641624	0.435465608165863	0.435465608165863	0	0.452214285384975	0.452214285384975	0.30147619025665
0.430215705303283	0.688345128413551	0.149640245394041	0.413007077323468	0.137669025774489	0.137669025774489	0.413007077323468	0.413007077323468	0.717026175878923	0.413007077323468	0.413007077323468	0	0.448920736182125	0.448920736182125	0.299280490788083
0.721170834683199	0.786731819463676	0.927219646005591	0.618146430670394	0.618146430670394	0.618146430670394	0.618146430670394	0.618146430670394	0.927219646005591	0.618146430670394	0.927219646005591	0	1.28208148578062	0.8952465547993	0.927219646005591
0.736091610573196	0.803009029521546	0.946403500750534	0.630935667167023	0.630935667167023	0.630935667167023	0.630935667167023	0.630935667167023	0.946403500750534	0.630935667167023	0.946403500750534	0	1.30860730962436	0.913768897312389	0.946403500750534
0.596831036138207	1.19366207227641	0.390235677713361	0.751565008961554	0.563673756721166	0.563673756721166	0.699732939431618	0.699732939431618	1.4494468030548	0.874666174289522	0.874666174289522	0.390235677263089	0.874666174289522	0.524799704573713	0.174933234857904
0	0	0	0	0.839542324557885	0	0	0.381610147571411	0.699618603949822	0.349809301974911	0	0	0	0	0
0.458813859037994	0.611751812050659	0.611751812509473	0.873931160727818	0.611751812509473	0.725039185169559	0.634409287023364	0.725039185169559	0.543779388877169	0.282346990367268	0.376462653823025	1.2235036091134	0.58728173993862	0.78304231991816	0.58728173993862
0.663145595679398	0.146590079016998	0.659655356236145	0.806245435399733	0.586360316654351	0.752759865954836	0.602207892763869	0.677483879359352	0.602207892763869	0.301103946381934	0.376379932977418	0.696302870108468	0.541568903546501	0.477464829234761	0.541568903546501
0.301257570637332	0.602515141274665	0.527200748991903	0.790801123487855	0.527200748991903	0.733496694217713	0.550122520663285	0.641809607440499	0.458435433886071	0.287564044878532	0.287564044878532	1.05440148638539	0.401676761079306	0.702934331888785	0.502095951349132
0.559694882833369	0.839542324250053	0.182509201029727	0.524713952984229	0.349809301989486	0.349809301989486	0.524713952984229	0.524713952984229	0.912546005148635	0.524713952984229	0.524713952984229	0	0.524713952984229	0.524713952984229	0.174904650994743
0.604788783426648	0	0.591641201493785	0.394427467662523	0.591641201493785	0.788854935325046	0.591641201493785	0.197213733831262	0.197213733831262	0.197213733831262	0.394427467662523	0	0.197213733831262	0.197213733831262	0.197213733831262
0.605672977507357	0	0.563902427679043	0.563902427679043	0.469918689732536	0.563902427679043	0.563902427679043	0.469918689732536	0.281951213839521	0.0939837379465072	0.375934951786029	0.681382095853539	0.375934951786029	0.389361200050195	0.281951213839521
0.456400204239923	0.484925216960348	0.215522318761295	0.413802852038928	0.206901426019464	0.206901426019464	0.310352139029196	0.413802852038928	0.413802852038928	0.413802852038928	0.310352139029196	0	0.449785708698853	0.449785708698853	0.33733928152414
0.509295817588488	0.282942120832192	0.36378272701522	0.727565454030441	0.545674090522831	0.545674090522831	0.159154943091895	0.318309886183791	0.318309886183791	0.636619772367581	0.318309886183791	0	0.318309886183791	0.159154943091895	0.159154943091895
0.290955130212578	0	0.303605353398126	0.303605353398126	0.303605353398126	0.506008922330211	0.303605353398126	0.303605353398126	0.404807137864168	0.101201784466042	0.202403568932084	0	0.303605353398126	0.317405596719977	0.303605353398126
0.387940173484764	0.387940173484764	0.436432695509807	0.65464904326471	0.436432695509807	0.60068155939197	0.450511169543978	0.525596364467974	0.375425974619981	0.155176069504253	0.310352139008506	1.16382050390218	0.401317421116927	0.561844389563698	0.401317421116927
0.128728262726765	0	0.252505438559257	0.420842397598762	0.252505438559257	0.336673918079009	0.252505438559257	0.336673918079009	0.252505438559257	0	0.168336959039505	0.437676091664473	0.262605656091123	0.455912597360666	0.350140874788164
0	0	0	0	0.55185246564883	0	0	0.275926232824415	1.05771722587674	0.528858612938372	0.3022049216323	0	0.528858612938372	0.288468334301612	0.288468334301612
0.739821805270105	0.364219965529601	0.701460675108724	0.964508428274495	0.613778090720133	0.728439931815658	0.728439931815658	0.637384940338701	0.728439931815658	0.728439931815658	0.546329948861743	1.18371487444953	0.546329948861743	0.546329948861743	0.455274957384786
0.370341309687496	0.370341309687496	0.126695711270433	0.361082777139738	0.120360925713246	0.120360925713246	0.361082777139738	0.361082777139738	0.361082777139738	0.361082777139738	0.361082777139738	0	0.401203085666241	0.380087133811298	0.253391422540865
0.39457162951849	0.39457162951849	0.131523876575579	0.394571629726736	0.131523876575579	0.131523876575579	0.394571629726736	0.394571629726736	0.417781725567074	0.394571629726736	0.394571629726736	0	0.394571629726736	0.394571629726736	0.263047753151158
0.379801568534859	0.379801568534859	0.130556789246911	0.391670367740732	0.130556789246911	0.130556789246911	0.391670367740732	0.391670367740732	0.417781725560521	0.391670367740732	0.391670367740732	0	0.368630934367258	0.391670367740732	0.261113578493821
0.423465830424174	0	0.515523619992638	0.386642714994479	0.386642714994479	0.515523619992638	0.515523619992638	0.257761809996319	0.257761809996319	0	0.257761809996319	0	0.257761809996319	0.257761809996319	0.247021734590546
0.546190827031775	0.474323612819285	0.711485419940414	0.948647226587218	0.553377548842544	0.893095812393559	0.73071475559473	0.73071475559473	0.811905283994144	0.584120745968012	0.584120745968012	0.751012381331276	0.584120745968012	0.667566566820585	0.584120745968012
0	0	0.160481234284328	0.160481234284328	0	0.171944179578069	0	0.171944179578069	0.343888359156139	0.343888359156139	0.185170654914967	0	0.343888359156139	0.171944179578069	0
0.382966581495734	1.1488997444872	1.08131740715925	1.27655527243257	0.765933163459539	0.765933163459539	0.626672588424338	0.626672588424338	1.46223603965679	1.25334517684867	0.83556345123245	0.417781725198443	0.83556345123245	0.208890862808113	0
0	0	0.237967246614751	0.237967246614751	0.237967246614751	0.237967246614751	0.237967246614751	0.237967246614751	0	0	0.237967246614751	0	0.247485936468299	0.229153644897745	0.237967246614751
0.499167775788671	0.18302818442756	0.244037579375035	0.488075158750069	0.488075158750069	0.366056369062552	0.215327275947858	0.215327275947858	0.107663637973929	0.430654551895717	0.215327275947858	0	0.107663637973929	0.215327275947858	0.107663637973929
2.1571178887899	0.387175005641947	1.48037502205444	0.888225013232667	0.888225013232667	1.18430001764356	0.888225013232667	0.888225013232667	1.18430001764356	0.888225013232667	0.888225013232667	0	1.48037502205444	0.838879179213532	0.838879179213532
0.513274691163398	0.570305212302388	0.342183127624763	0.481195023254402	0.160398341084801	0.320796682169601	0.320796682169601	0.481195023254402	0.481195023254402	0.481195023254402	0.320796682169601	0	0.513274691437144	0.513274691437144	0.342183127624763
0.509295817588488	0.565884241664384	0.339530545240075	0.477464829275686	0.159154943091895	0.318309886183791	0.318309886183791	0.477464829275686	0.477464829275686	0.477464829275686	0.318309886183791	0	0.509295817860112	0.509295817860112	0.339530545240075
0.618455349111362	0.426734190781084	0.748656475728323	0.97325341844682	0.598925180582659	0.845779477962112	0.768890434511011	0.768890434511011	0.845779477962112	0.55317395147964	0.632198801691018	0.948298191525731	0.650261624576864	0.731544327648972	0.650261624576864
0.538956511515444	0.592852162572671	0.76223849530797	1.01631799374396	0.67754532916264	0.871841416176284	0.784657274558656	0.784657274558656	0.784657274558656	0.538956511801254	0.628782597101463	1.48213038308812	0.741065203702163	1.01896465509047	0.741065203702163
1.91838547298702	0.688651195329076	1.49207759130001	1.11905819347501	1.11905819347501	1.11905819347501	1.11905819347501	1.11905819347501	1.11905819347501	0.716197243856233	1.03297679406632	0	1.49207759130001	0.994718394324346	0.994718394324346
1.16206513465896	0.411564735137242	1.02891183900063	0.823129471200505	0.617347103400379	0.823129471200505	0.617347103400379	0.823129471200505	1.23469420680076	0.79818615391861	0.997732692398262	0	1.44047657460088	0.968387613241149	0.774710090592919
0	0	0.499167775985313	0.249583887992656	0.249583887992656	0.249583887992656	0.249583887992656	0.249583887992656	0.499167775985313	0.249583887992656	0.499167775985313	0	0.772150153449495	0.705965854654253	0.484486370825683
0	0	0.493139179671931	0.246569589835966	0.246569589835966	0.246569589835966	0.246569589835966	0.246569589835966	0.493139179671931	0.246569589835966	0.493139179671931	0	0.762824668528291	0.717952629251929	0.493139179671931
0.620041132048815	0.930061698073222	0.206680377464427	0.587407388617461	0.391604925744974	0.391604925744974	0.587407388617461	0.620041132393282	1.03340188732214	0.587407388617461	0.587407388617461	0	0.587407388617461	0.587407388617461	0.195802462872487
0.298415518041519	0.298415518041519	0.321370558166327	0.321370558166327	0.174075718992254	0.160685279083163	0.160685279083163	0.321370558166327	0.321370558166327	0.321370558166327	0.160685279083163	0	0.321370558166327	0.348151437984508	0.348151437984508
0.763943726331802	0	0.572957795130823	0.572957795130823	0.572957795130823	0.802140913183153	0.572957795130823	0.458366236104659	0.572957795130823	0.458366236104659	0.458366236104659	0	0.343774677078494	0.229183118052329	0.343774677078494
0.315969372110341	0.631938744220683	0.223811638685676	0.413190717610637	0.206595358805318	0.206595358805318	0.383677094953676	0.383677094953676	0.767354189907352	0.479596368692095	0.479596368692095	0.223811638424562	0.516488397013296	0.298415518286251	0.198943678857501
2.5687139692615	0.545851718407865	1.61733842614766	1.29387074091813	1.29387074091813	1.61733842614766	1.29387074091813	1.29387074091813	1.29387074091813	0.935745803736849	1.20463827611953	0	1.61733842614766	1.1644836669557	1.1644836669557
0.293994547459866	0.251995326499169	0.309266991577472	0.283494742311565	0.209996105328476	0.274903992513309	0.176396728593517	0.176396728593517	0.201596261249734	0.125997663281084	0.226795793905951	0.283494742134381	0.125997663281084	0.0809984978177683	0.0503990653124335
0.293994547459866	0.251995326499169	0.309266991577472	0.283494742311565	0.209996105328476	0.274903992513309	0.176396728593517	0.176396728593517	0.201596261249734	0.125997663281084	0.226795793905951	0.283494742134381	0.125997663281084	0.0809984978177683	0.0503990653124335
0.0862089274362692	0.129313391154404	0.184733415983245	0.161641739017091	0.0862089274362692	0.193970086820509	0.16458067978821	0.09404610273612	0.18809220547224	0.09404610273612	0.11755762842015	0.129313391035867	0.103450712999387	0.09404610273612	0.09404610273612
0.0862089274362692	0.129313391154404	0.184733415983245	0.161641739017091	0.0862089274362692	0.193970086820509	0.16458067978821	0.09404610273612	0.18809220547224	0.09404610273612	0.11755762842015	0.129313391035867	0.103450712999387	0.09404610273612	0.09404610273612
0.0862089274362692	0.129313391154404	0.184733415983245	0.161641739017091	0.0862089274362692	0.193970086820509	0.16458067978821	0.09404610273612	0.18809220547224	0.09404610273612	0.11755762842015	0.129313391035867	0.103450712999387	0.09404610273612	0.09404610273612
0.69324220340459	0.69324220340459	0.834458208247579	0.790539355239705	0.632431484191764	0.790539355239705	0.600809910171905	0.600809910171905	0.961295856275048	0.841133874240667	0.841133874240667	0.563259290469328	0.625843656402991	0.120161982034381	0
0.639461824374683	0.639461824374683	0.785303995229898	0.746038795519448	0.596831036415558	0.746038795519448	0.573875996725584	0.573875996725584	0.918201594760935	0.803426395415818	0.803426395415818	0.526615620245857	0.596831036570734	0.114775199345117	0
0.652251060862177	0.652251060862177	0.801010075134496	0.760959571429837	0.608767657143869	0.760959571429837	0.585353516660096	0.585353516660096	0.936565626656153	0.819494923324134	0.819494923324134	0.570719678386894	0.608767657302149	0.117070703332019	0
0.367051087303805	0.679724235630724	0.71042145968842	0.868292895174736	0.631485741945262	0.815669083318775	0.734102174986897	0.734102174986897	0.734102174986897	0.590656922382204	0.421897801701574	1.22350360727814	0.611751812443928	0.699144928507346	0.611751812443928
0.741065203252892	0	0.610288991341349	0.697473132961541	0.697473132961541	0.871841416201927	0.610288991341349	0.697473132961541	0.523104849721156	0.348736566480771	0.435920708100963	0.592852159578768	0.523104849721156	0.359304341211724	0.435920708100963
0.278521150225136	0.23873241457816	0.292989781494447	0.26857396640043	0.19894367873224	0.260435361328398	0.16711269024649	0.16711269024649	0.190985931710274	0.119366207318922	0.214859173174059	0.268573966232571	0.119366207318922	0.0767354189852542	0.0477464829275686
0.15694445771886	0	0.235416686656762	0.235416686656762	0.117708343328381	0.235416686656762	0.117708343328381	0.235416686656762	0.353125029985143	0.353125029985143	0.235416686656762	0	0.353125029985143	0.235416686656762	0.117708343328381
0.276310664967291	0.310849498032077	0.382583997817056	0.382583997817056	0.207232998800303	0.191291998908528	0.191291998908528	0.382583997817056	0.382583997817056	0.382583997817056	0.191291998908528	0	0.382583997817056	0.382583997817056	0.382583997817056
0.445633840412208	0.618935889354806	0.64688783321222	0.862517110949626	0.575011407299751	0.742723067737421	0.742723067737421	0.742723067737421	0.742723067737421	0.614667366381481	0.46100052478611	0.742723060830096	0.537833945583796	0.519906147416194	0.537833945583796
0.895246554116031	0	0.575515642430514	0.575515642430514	0.671434916168933	0.767354189907352	0.575515642430514	0.575515642430514	0.575515642430514	0.383677094953676	0.383677094953676	0	0.479596368692095	0.298415518286251	0.383677094953676
0.748964437462713	0.181891363312727	0.657155894056858	0.821444867571073	0.657155894056858	0.763943726815633	0.679061090502785	0.594178454189937	0.679061090502785	0.594178454189937	0.509295817877089	0.848826355234396	0.509295817877089	0.614667366381481	0.42441318156424
0.400948029187958	0	0.372308884706233	0.372308884706233	0.186154442353117	0.386098102642994	0.193049051321497	0.400948029650591	0.772196205285989	0.772196205285989	0.625478926226053	0	0.833971901634737	0.601422044475886	0.400948029650591
0	0	0.172417854993231	0.172417854993231	0.172417854993231	0.172417854993231	0.172417854993231	0.344835709986462	0.172417854993231	0	0.369466832098443	0	0.184733416049221	0.161641739067604	0.172417854993231
0.764362554995034	0	0.580915542285418	0.746891411509823	0.580915542285418	0.829879346122026	0.580915542285418	0.746891411509823	0.663903476897621	0.33195173844881	0.414939673061013	0.726144422229153	0.580915542285418	0.427143781079656	0.497927607673215
0	0	0.443360198562467	0.221680099281234	0.221680099281234	0.221680099281234	0.221680099281234	0.443360198562467	0.665040297843701	0.221680099281234	0.665040297843701	0	0.684600306581373	0.646566956256944	0.443360198562467
1.46555176714935	0.488517255716451	1.46555176763787	1.0991638257284	0.732775883818935	1.0991638257284	0.732775883818935	0.799391873184348	1.0991638257284	1.0991638257284	0.732775883818935	0	1.46555176763787	0.732775883818935	0.366387941909467
0.624917202654991	1.24983440530998	0.442649685419003	1.06235924505341	0.637415547032048	0.637415547032048	0.786932774176593	0.786932774176593	1.6343988386116	0.983665967720742	0.983665967720742	0.442649684921022	1.02149927413225	0.590199580632445	0.196733193544148
0.580252396157304	0.870378594235956	0.819179853860339	0.773669862037361	0.773669862037361	0.773669862037361	0.756850952203307	0.756850952203307	1.21096152352529	0.908221142643968	0.908221142643968	0.464201917103787	0.791253268176582	0.151370190440661	0
1.17529804093237	0.195883006822061	0.795774715409741	0.477464829245844	0.477464829245844	0.636619772327793	0.477464829245844	0.477464829245844	0.636619772327793	0.636619772327793	0.477464829245844	0	0.795774715409741	0.449378662847704	0.449378662847704
0	0	0	0	0	0	0	0	0	0	0	0	0	0	0
0	0	0	0	0	0	0	0	0	0	0	0	0	0	0
0	0	0.542453097632549	0.271226548816275	0.271226548816275	0.271226548816275	0.271226548816275	0.542453097632549	0.542453097632549	0	0.542453097632549	0	0.561158376839328	0.508549779066538	0.262477305315668
0	0	0.237903482602922	0.237903482602922	0.237903482602922	0.237903482602922	0.237903482602922	0.475806965205844	0.237903482602922	0	0.475806965205844	0	0.228387343309463	0.219603214730098	0.228387343309463
0	0	0.266278462460188	0.266278462460188	0.266278462460188	0.276929600946666	0	0.576936668611964	1.38464800473333	0.865405002917947	0.659356192589495	0	0.865405002917947	0.659356192589495	0.329678096294748
0.38197186313407	0.402075645367251	0.436539272480627	0.654808908720941	0.436539272480627	0.599171550445983	0.449378662834487	0.524275106640235	0.37448221902874	0.154332066019151	0.308664132038302	0.848826354102627	0.397887357692436	0.557042300769411	0.397887357692436
0	0	0	0	0	0	0	0	0	0	0	0	0	0	0
0	0	0.168438981438922	0.168438981438922	0	0.180470337243098	0	0.180470337243098	0.360940674486195	0.360940674486195	0.194352670861164	0	0.360940674486195	0.180470337243098	0
0.264052519100621	0.660131297751552	0.544608320892579	0.544608320892579	0.453840267410483	0.484096285205575	0.58091554224669	0.484096285205575	0.484096285205575	0.51867459125217	0.311204754751302	0	0.414939673001736	0.484096285205575	0.51867459125217
0	0	0	0	0	0	0	0	0	0.234753541060546	0	0	0.234753541060546	0	0
0.227880941100199	0.313336293820498	0.179049310927225	0.167112690213067	0.179049310927225	0.179049310927225	0	0.167112690213067	0.156668147086501	0.156668147086501	0	0	0.156668147086501	0.156668147086501	0.156668147086501
2.04627783931445	0.881473530699274	1.79049310967192	1.07429586580315	0.716197243868767	1.07429586580315	0.716197243868767	0.716197243868767	1.43239448773753	1.07429586580315	0.716197243868767	0	1.79049310967192	0.674067994271557	0.674067994271557
1.40255293564669	0.233758822607781	1.00182352564082	0.601094115384491	0.601094115384491	0.801458820512654	0.601094115384491	0.601094115384491	0.801458820512654	0.601094115384491	0.601094115384491	0	1.00182352564082	0.561021174398931	0.561021174398931
0	0	0	0	0	0	0	0	0	0.232764104271897	0	0	0.232764104271897	0	0
0.822300538924386	0.205575134731096	0.616725404419422	0.462544053314566	0.308362702209711	0.616725404419422	0.308362702209711	0.462544053314566	0.925088106629133	0.770906755524277	0.616725404419422	0	1.02787567390674	0.587357528049263	0.440518146036947
0.835563450953929	0.417781725476965	1.25334517684867	1.25334517684867	0.626672588424338	0.626672588424338	0.626672588424338	0.668450760941397	0.940008882636507	0.940008882636507	0.626672588424338	0	1.25334517684867	0.626672588424338	0.313336294212169
0.166260074373045	0.33252014874609	0.122507423275207	0.221680099285456	0.221680099285456	0.110840049642728	0.202403568932084	0.202403568932084	0.607210706796253	0.303605353398126	0.303605353398126	0.21160373092543	0.332520148928184	0.105801865573326	0.105801865573326
0.349256680499253	0.55470178662634	0.125732405032539	0.36268962991662	0.12089654330554	0.12089654330554	0.36268962991662	0.36268962991662	0.628662025162694	0.36268962991662	0.36268962991662	0	0.377197215097616	0.377197215097616	0.251464810065077
0	0	0	0	0.57693666862158	0	0	0.303650878203505	0.57693666862158	0.303650878203505	0	0	0	0	0
0.310020565921067	0	0.323499721270548	0.323499721270548	0.161749860635274	0.338204254039532	0.169102127019766	0.354309218499199	0.708618436998398	0.708618436998398	0.558037019104351	0	0.708618436998398	0.531463827748799	0.354309218499199
0	0	0	0	0	0	0	0	0	0	0	0	0	0	0
0	0	0	0	0.766837452869995	0	0	0.351467165936024	0.648862460247814	0.351467165936024	0	0	0	0	0
0.522227156595972	0.298415517977573	0.696302875975464	0.77366986219496	0.541568903536472	0.723083755790803	0.895246554859938	0.596831036573292	0.746038795716615	0.541568903536472	0.38683493109748	1.04445430751272	0.482055837193869	0.298415518286646	0.38683493109748
2.30774667390938	0.494517144359702	1.38464800483026	1.03848600362269	1.03848600362269	1.38464800483026	1.03848600362269	1.03848600362269	1.38464800483026	1.03848600362269	1.03848600362269	0	1.45752421553025	0.989034289213921	0.989034289213921
0.23149809893753	0.23149809893753	0.339530545240075	0.318309886183791	0.159154943091895	0.159154943091895	0.159154943091895	0.318309886183791	0.318309886183791	0.477464829275686	0.159154943091895	0	0.509295817860112	0.339530545240075	0.339530545240075
0.423750035643171	0.47083337284269	0.529687544911503	0.529687544911503	0.376666698575486	0.6591667225071	0.830882423445578	0.415441211722789	0.74779418110102	0.441406287426253	0.353125029941002	0.70625005749841	0.376666698575486	0.332352969378231	0.353125029941002
1.04674981722227	0.661487731936289	0.839984421640563	0.954929658350334	0.566989484516819	0.839984421640563	0.46016537893961	0.525903290216698	0.591641201493785	0.525903290216698	0.591641201493785	0.549807984626757	0.262951645108349	0.206177994450583	0.197213733831262
0.513274691231834	0.549937169119353	0.244416519736629	0.466613355883057	0.233306677941528	0.233306677941528	0.349960016912293	0.466613355883057	0.466613355883057	0.466613355883057	0.349960016912293	0	0.488833039473258	0.513274691420035	0.384956018565026
0	0	0.186595450508664	0.186595450508664	0.186595450508664	0.193259573733738	0	0.200417335715658	0.773038294934952	0.601252007146975	0.432901445106059	0	0.601252007146975	0.432901445106059	0.216450722553029
0.329362312641011	0.370532601654236	0.494043469139921	0.456040125397931	0.228020062698965	0.228020062698965	0.228020062698965	0.456040125397931	0.456040125397931	0.456040125397931	0.228020062698965	0	0.494043469139921	0.494043469139921	0.494043469139921
0	0	0	0	0	0	0	0	0	0.106103295394597	0	0	0.106103295394597	0	0
0.348151437839445	0.348151437839445	0.348151438013521	0.464201917351361	0.348151438013521	0.464201917351361	0.232100958675681	0.348151438013521	0.348151438013521	0.232100958675681	0.348151438013521	0	0.379801568707496	0.633002614512493	0.506402091609994
0.311678430083105	0.584397056300305	0.575406332716852	0.719257915896065	0.503480541127246	0.673225409251788	0.59842258600159	0.59842258600159	0.59842258600159	0.545437252842397	0.389598037744569	0.935035279444462	0.467517645293483	0.523619762751391	0.467517645293483
0	0	0.225469502688466	0.225469502688466	0.225469502688466	0.225469502688466	0.225469502688466	0.450939005376932	0.450939005376932	0.21741702045822	0.450939005376932	0	0.468282813256033	0.43483404091644	0.450939005376932
0	0	0	0	0.536100860884689	0	0	0.268050430442345	0.5092958178686	0.2546479089343	0	0	0	0	0
0	0	0	0	0.466323983184642	0	0	0.233161991592321	0.896776890779705	0.431781465948806	0.242877074563595	0	0.466323983184642	0.233161991592321	0.242877074563595
0	0	0.232764104248621	0.232764104248621	0.465528208497241	0.232764104248621	0.232764104248621	0.481580905323707	0.931056416994482	0.450511169529445	0.498780223350711	0	0.72237135798556	0.481580905323707	0.498780223350711
0	0	0.227458939479421	0.227458939479421	0.227458939479421	0.227458939479421	0.227458939479421	0.470604702353366	0.682376818438263	0.220121554342735	0.470604702353366	0	0.705907053530048	0.454917878958842	0.470604702353366
0.290457771026526	0.290457771026526	0.31120475479576	0.414939673061013	0.31120475479576	0.414939673061013	0.207469836530506	0.31120475479576	0.31120475479576	0.207469836530506	0.31120475479576	0	0.335143582061961	0.558572636769935	0.446858109415948
2.45127032799526	1.05593183348772	2.82617049648315	1.61495456941894	1.21121592706421	1.21121592706421	1.61495456941894	0.807477284709472	1.61495456941894	1.21121592706421	1.14392615340945	0	1.90654358901574	0.722479675877683	0.722479675877683
0.394270199788824	0.788540399577649	0.86739443985083	0.578262959900553	0.289131479950276	0.289131479950276	0.289131479950276	0.309783728496026	0.619567456992052	0.578262959900553	0.289131479950276	0	0.86739443985083	0.289131479950276	0
0.542121524635708	0.542121524635708	1.08424304981354	0.722828699875691	0.361414349937846	0.361414349937846	0.361414349937846	0.394270199896352	0.722828699875691	0.722828699875691	0.361414349937846	0	1.08424304981354	0.361414349937846	0
0	0	0	0	0.763220295073438	0	0	0.381610147536719	0.69961860389152	0.381610147536719	0	0	0	0	0
0.478708226610368	0	0.675823379593797	0.450548919729198	0.450548919729198	0.450548919729198	0.450548919729198	0.450548919729198	0.901097839458396	0.437676093465197	0.656514140197796	0	1.12637229932299	0.851036848430216	0.656514140197796
1.3097125509263	0.52388502013768	0.873141701587688	0.654856276190766	0.654856276190766	0.654856276190766	0.654856276190766	0.654856276190766	1.09142712698461	0.637157457934474	0.849543277245965	0	1.30971255238153	0.827186875236709	0.849543277245965
0	0	0	0	0	0	0	0	0	0	0	0	0	0	0
0.53051647656036	0.397887357491006	0.636619771985609	0.636619771985609	0.53051647656036	0.618935889320421	0.298415518297304	0.298415518297304	0.397887357729738	0.397887357729738	0.497359197162173	0.397887357597109	0.298415518297304	0.0530516476937617	0.0497359197162173
0.583568124216396	0.437676093240106	0.700281749184171	0.700281749184171	0.583568124216396	0.680829478252463	0.328257070127034	0.328257070127034	0.437676093502712	0.437676093502712	0.54709511687839	0.43767609335682	0.328257070127034	0.0583568124631378	0.054709511687839
0	0	0	0	0	0	0	0	0	0.281007946361502	0	0	0.281007946361502	0	0
0	0	0.210732933893103	0.210732933893103	0.210732933893103	0.210732933893103	0.210732933893103	0.421465867786207	0.218838046726105	0	0.218838046726105	0	0.227591568584996	0.210732933893103	0.218838046726105
0.622409509146941	0.622409509146941	1.08921664178516	1.08921664178516	0.363072213928386	0.363072213928386	0.363072213928386	0.39607877879496	0.726144427856772	0.726144427856772	0.363072213928386	0	1.08921664178516	0.363072213928386	0
0	0	0.224263783434079	0.224263783434079	0.224263783434079	0.224263783434079	0.224263783434079	0.462544053317457	0.693816079976186	0.224263783434079	0.462544053317457	0	0.716197243821117	0.462544053317457	0.477464829214078
0	0	0.231272026651501	0.231272026651501	0.231272026651501	0.231272026651501	0.231272026651501	0.238732414599338	0.716197243798013	0.231272026651501	0.462544053303003	0	0.716197243798013	0.448527566854566	0.462544053303003
0	0	0.164460107861625	0.164460107861625	0	0.176207258410584	0	0.176207258410584	0.352414516821167	0.352414516821167	0.189761662888066	0	0.352414516821167	0.176207258410584	0
0.498685487922411	0.431554749039691	0.719257915840738	0.791183707424812	0.57540633267259	0.748028232442145	0.900404353940245	0.623356860420169	0.761880607180207	0.57540633267259	0.359628957920369	0.935035285054673	0.523619762709501	0.346309366900094	0.431554749504443
0.318309885987908	0.636619771975815	0.492622442903486	0.788195908645577	0.492622442903486	0.724154991031916	0.517253565022797	0.620704278027357	0.413802852018238	0.326686462101608	0.326686462101608	1.0345071202695	0.344835709974967	0.653372924203215	0.45978094663329
0.43662902118696	0.58217202824928	0.586582422834902	0.837974889764146	0.586582422834902	0.777745444538043	0.604913123529589	0.691329284033816	0.518496963025362	0.267611335746123	0.356815114328164	1.38265854667963	0.55306342718903	0.737417902918706	0.55306342718903
0	0	0.261279364856939	0.261279364856939	0.261279364856939	0.261279364856939	0.261279364856939	0.522558729713878	0.261279364856939	0	0.522558729713878	0	0.261279364856939	0.230540616082787	0.244949404571751
0	0	0.277194859162945	0.277194859162945	0.277194859162945	0.277194859162945	0.277194859162945	0.554389718325891	0.277194859162945	0	0.554389718325891	0	0.277194859162945	0.244583699295952	0.259870180484752
0	0	0.246469113219287	0.246469113219287	0.246469113219287	0.246469113219287	0.246469113219287	0.492938226438575	0.246469113219287	0	0.492938226438575	0	0.246469113219287	0.221822201923238	0.233497054643136
0	0	0.225859588318494	0.225859588318494	0.225859588318494	0.225859588318494	0.225859588318494	0.451719176636988	0.225859588318494	0	0.451719176636988	0	0.225859588318494	0.20208489483631	0.213311833425853
0.48542257618757	0	0.32361505095352	0.32361505095352	0.485422576430281	0.485422576430281	0.32361505095352	0.16180752547676	0.16180752547676	0.16180752547676	0.32361505095352	0	0.16180752547676	0.16180752547676	0.16180752547676
0.328257069962906	0.350140874592085	0.114176372213135	0.328257070127034	0.109419023375678	0.109419023375678	0.328257070127034	0.328257070127034	0.437676093502712	0.328257070127034	0.328257070127034	0	0.35809862192421	0.35809862192421	0.23873241461614
0	0	0	0	0.591525871746007	0	0	0	0.31688885983828	0.341264925947809	0	0	0	0	0
0	0	0	0	0.618051695549916	0	0	0	0.309025847774958	0.331099122587647	0	0	0	0	0
0.557042300524545	0	0.633002614541265	0.506402091633012	0.506402091633012	0.633002614541265	0.633002614541265	0.379801568724759	0.379801568724759	0.126600522908253	0.379801568724759	0	0.379801568724759	0.379801568724759	0.363288457057587
0	0	0.183470281609631	0.183470281609631	0	0.194262651104018	0	0.206404066783601	0.388525302208036	0.412808133567202	0.220164337885078	0	0.412808133567202	0.220164337885078	0
0	0	0.200048921514116	0.200048921514116	0	0.211816505119441	0	0.225055036673685	0.423633010238882	0.225055036673685	0.24005870576626	0	0.450110073347371	0.24005870576626	0
0	0	0	0	0	0	0	0	0	0	0	0	0	0	0
0	0	0	0	0	0	0	0	0	0	0	0	0	0	0
0	0	0	0	0.480525501202777	0	0	0.249873260614296	0.720788251804166	0.249873260614296	0	0	0.249873260614296	0	0
0	0	0	0	0	0	0	0	0	0	0	0	0	0	0
0.419108016305728	0	0.811176806674101	0.608382605005575	0.40558840333705	0.608382605005575	0.40558840333705	0.62866202515012	0.838216033533494	0.608382605005575	0.867120034656931	0	1.30068005198539	1.04777004191687	0.62866202515012
0	0	0.462996198029393	0.231498099014696	0.231498099014696	0.231498099014696	0.231498099014696	0.231498099014696	0.462996198029393	0.231498099014696	0.462996198029393	0	0.716197243801623	0.67406799421208	0.462996198029393
0	0	0.643724903663652	0.321862451831826	0.321862451831826	0.321862451831826	0.321862451831826	0.643724903663652	0.643724903663652	0	0.643724903663652	0	0.667566566734049	0.600809910131851	0.310763746608492
0.517253564790033	0.517253564790033	0	0.376184410910281	0.188092205455141	0.188092205455141	0.376184410910281	0.376184410910281	0.413802851956167	0.376184410910281	0.376184410910281	0	0.376184410910281	0.376184410910281	0.188092205455141
2.22816920194963	0.47746482893464	1.21536501986398	0.911523764897989	0.911523764897989	1.21536501986398	0.911523764897989	0.911523764897989	1.21536501986398	0.911523764897989	0.871892296900301	0	1.27323954455327	0.83556345123245	0.83556345123245
0	0	0	0	0	0	0	0.248679598534459	0.248679598534459	0	0.248679598534459	0	0	0	0
0	0	0	0	0.885299370616681	0	0	0	0.39346638700086	0.44264968530834	0	0	0	0	0
0	0	0.191206980210479	0.191206980210479	0.191206980210479	0.191206980210479	0.191206980210479	0.382413960420957	0.191206980210479	0	0.404908899241461	0	0.191206980210479	0.181143454947366	0.191206980210479
0	0	1.07429586587029	1.07429586587029	1.07429586587029	1.07429586587029	1.07429586587029	1.07429586587029	0	1.28915503878652	1.28915503878652	0	0	3.22288758149644	0.64457751939326
0	0	0.971981973882647	0.971981973882647	0.971981973882647	0.971981973882647	0.971981973882647	0.971981973882647	0	1.13397896934076	1.13397896934076	0	0	1.70096845004221	0.566989484670379
0	0	0.528621775269509	0.528621775269509	0.528621775269509	0.528621775269509	0.528621775269509	0.528621775269509	0	1.23345080875661	0.616725404378307	0	0	0	0
0	0	0.477464829275686	0.477464829275686	0.477464829275686	0.477464829275686	0.477464829275686	0.477464829275686	0	0.954929658551372	0.545674090522831	0	0	0	0
0.437676093440187	0	0.382966581814873	0.382966581814873	0.382966581814873	0.382966581814873	0.382966581814873	0.437676093440187	0	0.875352186880374	0.437676093440187	0	0	0	0
0.368045805838667	0	0.315467833628578	0.315467833628578	0.368045805838667	0.368045805838667	0.368045805838667	0.441654966903348	0	0.883309933806695	0.441654966903348	0	0	0	0
0.311678430186997	0	0.280510587199465	0.280510587199465	0.311678430186997	0.311678430186997	0.311678430186997	0.40072941011321	0	0.801458820226419	0.40072941011321	0	0	0	0
0.411813415126735	0	0.633559100385045	0.633559100385045	0.686355692026602	0.686355692026602	0.686355692026602	0.82362683025347	0	1.2354402453802	0.915140922371669	0	0	0	0
0.417781725532669	0	0.696302876027042	0.696302876027042	0.759603137414991	0.759603137414991	0.759603137414991	0.835563451065338	0	1.25334517659801	0.928403834393255	0	0	0	0
0.823626830006382	0	0.514766769062849	0.514766769062849	1.0295335381257	1.0295335381257	1.0295335381257	1.0295335381257	0	1.76491463653478	0.686355691855013	0	0	0	0
0.603462491953307	0	0.60346249255677	0.60346249255677	0.60346249255677	0.60346249255677	0.60346249255677	0.60346249255677	0	0.724154990923293	0.362077495461646	0	0	1.81038746861837	0.60346249255677
0.649882683642023	0	0.649882684291906	0.649882684291906	0.649882684291906	0.649882684291906	0.649882684291906	0.649882684291906	0	0.779859220994315	0.389929610497158	0	0	1.94964804312748	0.649882684291906
1.15387333626237	0	0.576936668708121	0.576936668708121	0.865405003062181	0.865405003062181	0.865405003062181	1.03848600346692	0	1.03848600346692	0.576936668131184	0	0	1.73080999747031	0.576936668708121
0.941666745999269	0	0.282500023988114	0.282500023988114	0.565000047976228	0.565000047976228	0.565000047976228	0.706250059793723	0	0.941666745999269	0	0	0	0	0.282500023988114
1.25334517590867	0	0.716197243913529	0.716197243913529	1.07429586587029	1.07429586587029	1.07429586587029	1.25334517663978	0	1.5040142116168	0.626672587954333	0	0	0	0.417781725546595
0.248679598394577	0	0	0	0.142102627760621	0.142102627760621	0.142102627760621	0.165786399026427	0	0.198943678785292	0	0	0	0	0
0.481885799810042	0	0.197135099966098	0.197135099966098	0.433697219882045	0.433697219882045	0.481885799810042	0.542121524703473	0	0.813182287055209	0.309783728341134	0	0	0	0
0.348151437926483	0	0.278521150410817	0.278521150410817	0.309467944866522	0.309467944866522	0.309467944866522	0.397887357559215	0	0.79577471511843	0.397887357559215	0	0	0	0
0.325770274059781	0	0.260616219312979	0.260616219312979	0.289573576982246	0.289573576982246	0.325770274059781	0.372308884573266	0	0.744617769146531	0.372308884573266	0	0	0	0
0.323283478074592	0	0.25862678252433	0.25862678252433	0.287363091661771	0.287363091661771	0.323283478074592	0.431044637253187	0	0.862089274506374	0.431044637253187	0	0	0	0
0	0	0	0	0	0	0	0	0	0	0	0	0	0	0
0	0	0	0	0	0	0	0	0	0	0	0	0	0	0
0	0	0	0	0	0	0	0	0	0	0	0	0	0	0
0	0	0	0	0	0	0	0	0	0	0	0	0	0	0
0.666461323697466	0	0.380835042398464	0.380835042398464	0.571252563597696	0.571252563597696	0.571252563597696	0.666461324086235	0	0.799753588716873	0.333230661848733	0	0	0.666461322531158	0.380835042398464
0	0	0	0	0	0	0	0	0	0	0	0	0	0	0
0	0	0	0	0	0	0	0	0	0	0	0	0	0	0
0.285152606341296	0	0.256637345735681	0.256637345735681	0.285152606341296	0.285152606341296	0.285152606341296	0.366624779465277	0	0.733249558930554	0.366624779465277	0	0	0	0
