0	0	0.181701893351134	2.1804227202136	0.545105680053401	1.36276420002967	1.36276420002967	1.16808360002543	0.726807573404535	0.973403000021195	1.67724824604292	0	0.973403000021195	0.209656030755365	1.46759221528755
0	0	0.189659640505198	2.27591568606237	0.568978921515594	1.42244730368061	1.42244730368061	1.21924054601195	0.758638562020792	1.01603378834329	1.75070437360684	0	1.01603378834329	0.218838046700855	1.53186632690598
0	0	0.184354475735822	2.21225370882986	0.553063427207465	1.38265856791332	1.38265856791332	1.18513591535427	0.737417902943287	0.987613262795227	1.70173362189756	0	0.987613262795227	0.212716702737195	1.48901691916036
0.848826362760656	1.27323954414098	1.75070437383578	2.57679431660322	1.66733749897855	1.66733749897855	2.42521818033244	1.81891363524933	1.90985931691176	1.51576136270778	2.57679431660322	1.19366207110031	1.51576136270778	1.06103295389544	1.81891363524933
0.613883351487394	1.22776670297479	1.50060374893778	2.60435361399426	1.69282984909626	1.30217680699713	1.6711269024649	1.6711269024649	1.90985931710274	1.55176069514598	1.6711269024649	0.477464828798221	0.99644833931463	0.596831036594607	1.43239448782706
0.925088106085644	1.61890418564988	2.00435756431301	3.4043242324633	2.22021145595432	1.92418326182708	2.192801438155	2.192801438155	2.192801438155	2.192801438155	2.05575134827032	0.616725403710188	1.42321247182471	0.959350629192814	1.78165116850094
5.72957794685189	7.5832649288639	1.84165005551455	7.36660022205821	1.84165005551455	4.91106681470547	4.91106681470547	4.60412513878638	5.21800849062457	4.74171968335077	3.15126787300944	1.90985931222199	2.76247508327183	1.10895057118518	4.15856464194441
0.758326493154034	0.859436692065981	0.247914430585452	1.40484843998423	0	0.515662015597114	0.515662015597114	0.687549354129486	0.257831007798557	0.268573966445192	0.358098621926923	0	0.186834063605247	0.268573966445192	0.467085159013116
0.921772378074836	0.864161604259124	0.267611335763389	1.69487179316813	0.446018892938981	0.802834007290166	0.713630228702369	0.624426450114573	0.535222671526777	0.713630228702369	0.446018892938981	0.691329279388948	0.0892037785877962	0.368708951483934	0.624426450114573
0.860693178409571	0.641300799464277	0.240487800039592	1.52308940025075	0.320650400052789	0.641300800105578	0.561138200092381	0.561138200092381	0.561138200092381	0.721463400118776	0.480975600079184	0.545105676928129	0.0801626000131973	0.330367078832256	0.561138200092381
1.88001776464634	1.02546423513734	0.70500666197738	1.88001776527301	0.70500666197738	0.70500666197738	1.88001776527301	1.41001332395476	1.41001332395476	0.470004441318253	0.70500666197738	0	0.70500666197738	0.70500666197738	1.17501110329563
1.26187133355289	0.929799929813894	0.397887357729738	1.59154943091895	0.397887357729738	0.736091611779569	0.736091611779569	0.572515698050776	0.408939784321983	0.588873289406363	0.588873289406363	0	0.252374266888441	0.588873289406363	0.588873289406363
1.06727432363549	2.40136722817985	2.64595092857201	4.17304260753565	2.54011289154344	2.35867625643319	2.68795014999645	2.68795014999645	2.61687454496801	2.51995326562168	2.68795014999645	1.0467498169002	2.09349963597441	1.511971959373	2.51995326562168
0.969850434102543	0.431044637181346	0.862089274889524	2.01154164140889	2.01154164140889	0.646566956068362	1.6164173901709	0.646566956068362	0.574726183259683	1.14945236651936	1.14945236651936	0	0.862089274889524	0	2.01154164140889
1.19366207221936	0.734561274904672	0.411607611444557	1.15250131204476	0.411607611444557	0.426307883266637	0.68209261322662	0.511569459919965	0.426307883266637	0.34104630661331	0.511569459919965	0	0.255784729959982	0.707355302578249	0.426307883266637
1.20360925592885	0.656514139239455	0.429860448975878	1.28958134692763	0.429860448975878	0.445781206328844	0.80240617139192	0.624093688860382	0.356624965063076	0.356624965063076	0.534937447594613	0	0.267468723797307	0.713249930126151	0.445781206328844
0.921772378433303	0.395045304892351	0.829595140700586	2.21225370853489	1.93572199496803	0.614514918955535	1.53628729738884	0.614514918955535	0.553063427133724	1.38265856783431	1.10612685426745	0	0.829595140700586	0	1.93572199496803
0.636619772155375	0.954929658233062	1.50778367131755	1.90985931710274	1.90985931710274	1.07429586587029	1.19366207318921	1.55176069514598	1.6711269024649	1.19366207318921	1.31302828050814	0.795774713602669	0.928403834599567	0.376945917829387	1.63343231059401
5.42453097282969	7.1795262868179	1.74359924237373	6.97439696949493	1.74359924237373	4.64959797966328	4.64959797966328	4.35899810593433	4.94019785339224	4.48926701502423	2.98349203717792	1.80817698772869	2.6153988635606	1.04990922133041	3.93715957998903
0.848826362803097	1.01859163507512	1.11408460157364	1.94730753900672	2.09710042662262	1.04855021331131	1.34813598854311	1.49792887615902	1.79751465139082	1.19834310092721	1.49792887615902	1.69765271839117	0.795774715409741	0.159154943081948	1.59154943081948
0.531179621931785	1.51765606123131	1.32794905629021	3.98384716887062	1.32794905629021	0.796769433774124	2.27648409661674	2.12471849006433	2.27648409661674	1.2647133870093	2.5161140012463	0	0.50588535480372	0.8387046670821	2.5161140012463
0.0852615765832911	0.0530516476737199	0.0397887357552899	0.0596831036415558	0.0341046306333165	0.02652582383686	0.0367280637904374	0.0367280637904374	0.00918201594760935	0.0183640318952187	0.0367280637904374	0.0198943678632768	0.019894367884829	0.0298415518272436	0.027546047842828
0.0710513138194093	0.0442097063947666	0.033157279796075	0.0497359197012965	0.0284205255277637	0.0221048531973833	0.0306067198253645	0.0306067198253645	0.00765167995634112	0.0153033599126822	0.0306067198253645	0.016578639886064	0.0165786399040242	0.0248679598560363	0.0229550398690234
5.21538505342791	5.65000047364145	1.15568191615742	6.16363688617291	1.54090922154323	3.85227305385806	4.23750035924387	3.85227305385806	4.23750035924387	4.62272766462968	2.57934804488458	2.11875017540851	2.57934804488458	1.35600011514295	2.7120002302859
1.21355644031723	0.910167330237922	0.746803963738893	1.86700990934723	1.82033466146186	0.746803963738893	1.49360792747779	0.933504954673617	1.12020594560834	0.373401981869447	1.49360792747779	2.42711285302605	1.30690693654306	0.373401981869447	2.24041189121668
2.31386801434781	5.2640497280251	1.327071363566	5.75064257545267	2.21178560594333	3.317678408915	3.317678408915	3.76003553010367	3.317678408915	3.317678408915	2.43296416653767	2.50669034562024	1.82304752968549	1.28915503893385	3.981214090698
0.938176506054429	2.2281692016773	2.5709644648362	3.81971863379623	2.54647908919749	2.2281692030478	2.52525843030723	2.52525843030723	2.45866946552592	2.22816920321226	2.52525843030723	0.891267680363928	1.69033525754907	1.22933473276296	2.15133578233518
0.300626003384204	0.270563403093884	0.202922552320413	0.405845104640826	0.150313001692102	0.225469502538153	0.169102127035139	0.211377658793924	0.0845510635175694	0.0422755317587847	0.169102127035139	0.122983365060563	0.0845510635175694	0.225469502698487	0.126826595276354
0.300626003384204	0.270563403093884	0.202922552320413	0.405845104640826	0.150313001692102	0.225469502538153	0.169102127035139	0.211377658793924	0.0845510635175694	0.0422755317587847	0.169102127035139	0.122983365060563	0.0845510635175694	0.225469502698487	0.126826595276354
0.699144928082865	1.39828985616573	1.63133816669193	3.26267633338385	1.22350362501895	1.22350362501895	2.03917270836491	1.77964163622941	1.63133816669193	1.63133816669193	1.63133816669193	0	0.815669083345964	1.22350362501895	1.63133816669193
1.01642133963117	2.79515868141291	1.11806347513112	4.6958665955507	1.78890156020979	2.01251425523601	2.45973964528846	2.09636901577651	2.56222879706018	2.01251425523601	2.56222879706018	2.79515865311193	0.729171831538773	0.46585978128367	2.91668732615509
0.954929658051171	0.923517498098723	0.235002220659127	1.41001332395476	0.313336294212169	0.70500666197738	0.548338514871296	0.548338514871296	0.626672588424338	0.783340735530422	0.548338514871296	0.501338068032245	0.080860979148919	0.417781725588373	0.566026854042433
1.63898984425282	3.5511446599254	1.46943917270506	6.12266321960441	1.95925223027341	2.44906528784176	2.93887834541012	2.53653190516472	3.42869140297847	1.89394382266729	3.29749147671414	0	1.26826595258236	0.244906528784176	3.42869140297847
1.63439883603428	3.21927043308214	1.59925047639767	6.16853755181957	1.82771483016876	2.36079832221501	3.06903781887951	2.44220516081664	3.77727731554401	2.05617918393986	3.03531212831644	0	1.22110258040832	0.488441032163327	3.41908722514329
1.77557233176047	3.82430963570738	1.55362579198968	6.21450316795874	2.21946541712812	2.66335850055375	3.10725158397937	2.74927329079719	3.32919812569218	2.36742977834846	2.97837939836362	2.36742975323936	1.60374275296503	0.665839625138437	3.66569772106292
0.557042300348148	0.928403833722741	0.301103946390072	1.6560717051454	0.301103946390072	0.851036848453856	0.541568903561545	0.464201917338467	0.541568903561545	0.6963028760077	0.464201917338467	0.696302870282543	0.0795774715414004	0.40958992703859	0.557042300789803
0.656514139843747	0.700281748483889	0.318309886125916	1.31302828039872	1.43239448756662	0.318309886125916	0.954929658377748	0.291784062310826	0.291784062310826	0.291784062310826	0.875352186932478	0	0.729460155777065	0.145892031155413	1.02124421808789
0.671434915833216	0.716197242910853	0.325544201749282	1.34286983233787	1.46494890787177	0.325544201749282	0.976632605247845	0.325544201749282	0.162772100874641	0.325544201749282	0.976632605247845	0	0.813860504373205	0.162772100874641	1.13940470612249
3.4756630917826	4.43147044145259	1.66180141736232	4.98540425208695	1.47715681543317	2.76966902893719	2.58502442700805	2.76966902893719	3.50824743665378	2.68573966451296	2.28721055284808	0	1.52480703523205	0.358098621935061	3.04383828644802
1.48014096966919	2.59024669692108	3.1372553180381	5.08798458654503	2.77526431993365	2.77526431993365	3.20222806172876	2.88627489285607	3.10829603846038	2.56178244938301	3.20222806172876	1.38763215846356	1.99819031043882	1.92133683703725	2.56178244938301
1.31833344439898	0.869230842237985	0.565000047976228	1.13000009595246	0.678000057571474	0.565000047976228	1.2430001055477	0.565000047976228	0.678000057571474	0.565000047976228	0.565000047976228	0	0.339000028785737	0.678000057571474	0.565000047976228
0.712881515496798	1.76123668517812	2.39528189314978	3.48519852207825	2.37627171959881	2.05943549031897	2.5969255222326	2.44416519739539	2.53468983423873	2.13864454772096	2.74968584706981	0.987066713153153	1.74259926103912	1.26734491711936	2.21785360495889
3.5809862184658	4.26734190987338	1.45477565160843	4.07337182450361	0.581910260643373	2.61859617289518	3.20050643353855	2.90955130321686	3.49146156386024	2.32764104257349	1.74573078193012	0	1.55176069493908	0.27384012267282	2.7384012267282
2.4470072486396	2.22455204326444	1.33473122729339	2.89191765913569	1.33473122729339	2.22455204548899	1.77964163639119	1.33473122729339	1.33473122729339	1.33473122729339	1.11227602274449	1.63133816234169	0.889820818195597	1.11227602274449	1.55718643184229
2.83877326227399	2.39636703891162	1.31800187247976	3.16320449395142	1.31800187247976	2.10880299596761	1.84520262147166	1.58160224697571	1.58160224697571	1.58160224697571	1.31800187247976	1.50628785146519	0.790801123487855	0.790801123487855	1.84520262147166
0.917035623914184	0.886869978239546	0.283202178148814	1.41601089074407	0.0708005445372034	0.364730077907874	0.510622109071024	0.583568124652599	0.364730077907874	0.376127892830385	0.451353471396462	0	0.150451157132154	0.451353471396462	0.451353471396462
0.901878010295768	0.87221097033476	0.278521150410817	1.39260575205408	0.0696302876027042	0.358701481578818	0.502182074210346	0.57392237052611	0.358701481578818	0.369910902866247	0.443893083439496	0	0.147964361146499	0.443893083439496	0.443893083439496
0.947350851151017	0.916187994049118	0.292564233624808	1.46282116812404	0.0731410584062019	0.376787270565986	0.52750217879238	0.602859632905577	0.376787270565986	0.388561872758662	0.466274247310395	0	0.155424749103465	0.466274247310395	0.466274247310395
2.36494297984557	3.60372263486117	0.985392909315968	5.32112171030623	1.97078581863194	2.16786440049513	2.75910014608471	2.23779551011182	3.25497528743538	2.56202156422152	2.31238869369768	1.57662864317937	1.05108576986258	0.610307866394133	3.05153933197067
1.12166340754915	0.692792104367743	0.464899965347378	1.54966655115793	0.464899965347378	0.875352186981766	0.795774715437969	0.557042300806578	0.397887357718985	0.557042300806578	0.477464829262782	0	0.159154943087594	0.572515698034872	0.477464829262782
1.33008059476268	0.862089274123223	0.408358077669995	1.71510392621398	0.408358077669995	0.754910608428992	0.838789564921102	0.587152695444772	0.503273738952662	0.671031651936882	0.671031651936882	0	0.16775791298422	0.603462492523244	0.587152695444772
0.387035883985258	0.851478944605013	0.106434868187383	1.49008815462337	0.425739472749533	0.851478945499066	0.6386092091243	0.851478945499066	0.745044077311683	0.784256923442641	0.672220220093693	0.851478942816908	0.224073406697897	0.31930460456215	0.745044077311683
0.727249668658606	3.74014114930189	0.677094520756252	4.73966164529376	1.80558538868334	2.48267990943959	2.48267990943959	2.70837808302501	2.70837808302501	2.48267990943959	2.48267990943959	2.18174900209715	1.16879411316414	1.09087450570297	3.38547260378126
1.3383483844826	0.654303654424445	0.552068708850012	1.47218322360003	0.736091611800016	0.552068708850012	1.28816032065003	0.92011451475002	0.736091611800016	0.368045805900008	0.368045805900008	0	0.368045805900008	0.552068708850012	0.552068708850012
1.21355643996328	1.4002574309333	0.346730411702893	3.29393891117748	0.520095617554339	1.4562677290724	1.4562677290724	1.34129922406445	1.27423426293835	0.910167330670251	1.9161417486635	0	0.910167330670251	0.18203346613405	1.63830119520645
0.996812537682831	1.11408460072578	0.261835551538279	1.6582918264091	0	0.541126806494407	0.631314607576808	0.721502408659209	0.360751204329604	0.373190901017328	0.466488626271659	0	0.193259573733738	0.386519147467476	0.483148934334345
0.486306770234365	0.729460155351547	0.291784062335141	1.89659640517842	0.437676093502712	1.021244218173	0.729460155837854	0.875352187005424	0.729460155837854	0.583568124670283	1.25050312420414	0	0.729460155837854	0.145892031167571	0.875352187005424
0.844089608415751	0.844089608415751	0.7878169682261	1.37867969439567	0.984771210282625	0.984771210282625	0.984771210282625	1.37867969439567	1.09419023351363	0.590862726169575	0.984771210282625	1.31302827700673	0.895246554891911	0.39390848411305	1.5756339364522
0.60346249220475	0.905193738307125	0.0952835514563321	1.14340261747599	0.0952835514563321	0.571701308737993	0.381134205825328	0.285850654368996	0.190567102912664	0.402308328348829	0.301731246261622	0	0	0	0.212986762053803
1.54814353622251	0.70956578716296	0.56018351680371	1.23240373696816	0.672220220164453	0.672220220164453	1.12036703360742	0.672220220164453	0.672220220164453	0.448146813442968	0.56018351680371	0	0.336110110082226	0.784256923525195	0.448146813442968
0.153470837871848	0.0895246554444288	0.0895246554444288	0.179049310888858	0.0511569459572828	0.153470837871848	0.0895246554891911	0.119366207318922	0.0596831036594608	0.0298415518297304	0.119366207318922	0.0795774715194218	0.0298415518297304	0.130217680699713	0.0895246554891911
1.73081000266274	2.88468333777123	0.230774667437093	3.69239467899349	1.15387333718547	1.84619733949675	1.61542267205965	2.07697200693384	1.38464800462256	1.84619733949675	1.09892698785848	1.53849777860616	0.879141590286783	0.802694495559007	1.88815637014583
1.17025693381084	2.6330781010744	2.90126198308335	4.57570461352593	2.5862678250364	2.38732414618744	2.76310665090096	2.76310665090096	2.86937998351756	2.5788995408409	2.76310665090096	1.14775199221513	2.10421198791288	1.84207110060064	2.76310665090096
0.928818300119846	2.47684880031959	2.79991603652863	4.54088946971223	2.47684880166122	2.27044473485611	2.85790246369341	2.66737563278051	2.97221856212226	2.47684880186762	2.85790246369341	1.1431609843342	1.98147904141484	1.90526830912894	2.85790246369341
1.0433490707426	2.34753540917085	2.70869470423222	4.17339628521167	2.60837267825729	2.43448116637347	2.7522828951926	2.7522828951926	2.6828976120247	2.42848490752288	2.7522828951926	1.00608660346725	1.84449210826698	1.34144880601235	2.34753541052162
0.534305879998287	0	0.467517645098684	1.24671372047094	1.24671372047094	0.467517645098684	0.935035290197368	0	0.187007058095576	0.748028232382303	0.374014116191151	0	0.187007058095576	0	0.935035290477878
1.28816031957656	0.441654966550024	0.401504515527281	1.20451354658184	0.501880644409102	0.52577972268926	0.841247556302816	0.630935667227112	0.420623778151408	0.420623778151408	0.630935667227112	0	0.315467833613556	0.841247556302816	0.420623778151408
0.343177845784516	0	0.274542276723703	0.873543607868414	0.960897968532959	0.137271138361851	0.823626830171108	0	0.114392615328234	0.343177845984703	0.571963076641172	0	0.343177845984703	0	0.686355691969406
0.358098621678243	0.26857396601995	0.268573966378049	1.11561493737709	1.20858284870122	0.268573966378049	1.0742958655122	0	0.11510312846966	0.345309385408979	0.805721899287617	0	0.460412513878638	0	0.920825027757277
1.22079075578294	0.9423647936807	0.39265199775961	1.64913839059036	0.39265199775961	0.725875585027877	0.806528427808752	0.564569899466127	0.483917056685252	0.663145596179389	0.663145596179389	0	0.248679598567271	0.580252396656965	0.663145596179389
0.661487731936289	0.94498247400064	0.230082689469805	1.49553748155373	0.46016537893961	0.805289413144318	0.575206723674513	0.575206723674513	0.575206723674513	0.805289413144318	0.575206723674513	0.881983637087695	0.115041344734903	0.360811490288521	0.575206723674513
0.656514139966843	0.937877342617176	0.228352744436198	1.48429283883528	0.456705488872395	0.799234605526692	0.570881861090494	0.570881861090494	0.570881861090494	0.799234605526692	0.570881861090494	0.875352181169743	0.114176372218099	0.358098621940487	0.570881861090494
0	0.855457817693174	1.57930674262435	4.34309354221697	1.18448005696826	1.28318672825068	2.36896011393653	2.13864454708446	1.97413342828044	1.28318672825068	2.05309876465359	0	1.71091563766757	0.933226711341919	1.39984006701288
0.614514918477579	1.38265856620969	1.38265856785159	4.49364034551767	1.03699392588869	1.10612685419371	2.76531713570318	2.21225370838741	2.41965249374029	1.47483580559161	2.55260043225727	0	1.47483580559161	0.790090610066877	2.37027183020063
1.3528170154356	2.7056340308712	2.82327029447928	4.50939005389458	2.48016452964202	2.70563403233675	3.12188542218718	2.81385939375216	2.81385939375216	2.49750833774974	2.9137597273747	1.35281701470282	1.73160578077056	1.87313125331231	2.49750833774974
2.9298978101501	5.37147931502752	1.11134055074702	6.11237302910858	2.22268110149403	3.6118567899278	3.6118567899278	4.44536220298806	3.6118567899278	3.88969192761455	2.77835137686754	2.68573965751376	2.30206256931098	1.55946174067885	3.76003553017002
0.966866278026338	0.966866278026338	0.920825027801126	4.37391888205535	0.920825027801126	1.93373255827647	1.93373255827647	2.03550795595729	1.69201598849191	1.52663096696797	2.55935191484652	0	1.52663096696797	0.537147932785939	2.14859173114376
0.419590304247985	0.314692728185988	0.288468334209826	0.673092779822927	0.384624445613101	0.288468334209826	0.448728520106316	0.384624445805414	0.192312222902707	0.128208148601804	0.128208148601804	0.0961561114032754	0.192312222902707	0.320520371504511	0.320520371504511
0.419590304247985	0.314692728185988	0.288468334209826	0.673092779822927	0.384624445613101	0.288468334209826	0.448728520106316	0.384624445805414	0.192312222902707	0.128208148601804	0.128208148601804	0.0961561114032754	0.192312222902707	0.320520371504511	0.320520371504511
0.426824619838467	0.32011846487885	0.293441926178961	0.684697827750909	0.391255901571948	0.293441926178961	0.456465218728839	0.391255901767576	0.195627950883788	0.130418633922525	0.130418633922525	0.097813975392987	0.195627950883788	0.326046584806313	0.326046584806313
1.31121970077495	0.641040742367982	0.641040743009023	1.4423416717703	0.801300928761279	0.480780557256767	1.28208148601804	0.801300928761279	0.801300928761279	0.480780557256767	0.480780557256767	0	0.320520371504511	0.641040743009023	0.641040743009023
1.18513591493101	0.691329283536923	0.526727073566035	1.18513591552358	0.790090610349052	0.526727073566035	1.18513591552358	0.658408841957543	0.658408841957543	0.395045305174526	0.526727073566035	0	0.395045305174526	0.658408841957543	0.526727073566035
1.18229386206757	1.20692498383956	0.335515825977509	1.76145808638192	0.251636869483132	0.603462492540007	0.689671420045722	0.517253565034292	0.431044637528576	0.620704278022923	0.532032238305363	0	0.0886720397175604	0.532032238305363	0.620704278022923
0.97084515218097	1.94169030436194	1.51694555124982	3.42651230421375	1.71325615210687	1.99879884412468	2.56988422816031	2.12372377174975	1.71325615210687	1.99879884412468	2.2843415361425	1.21355643713164	1.42771346008906	1.71325615210687	2.2843415361425
2.71022503991059	3.0974000456121	1.2583187688203	3.46037661425582	0.629159384410149	2.20205784543552	2.20205784543552	2.01331002997826	2.83121722984567	1.88747815323045	2.20205784543552	0	1.2583187688203	0.629159384410149	2.20205784543552
0.263600374364151	0.175733582821567	0.175733582997301	0.527200748991903	0	0.191709363252355	0.287564044878532	0.479273408130887	0.0958546816261775	0.105440149777293	0.210880299554585	0	0.210880299554585	0.191709363252355	0.210880299554585
1.05042262377626	0.875352186324595	0.808017403203157	1.41403045560552	1.01002175400395	0.606013052402368	1.14889974544462	1.14889974544462	0.984771210381102	0.492385605190551	0.164128535063517	0	0.328257070127034	0.328257070127034	0.820642675317585
5.95239486806545	7.53712337103967	2.21370057189512	7.0100518110012	1.84475047657926	4.42740114379023	5.16530133442194	5.16530133442194	5.16530133442194	4.42740114379023	3.52908786840598	1.1595574397106	3.09215317962937	1.01461276221083	4.73485955698388
2.13412309996838	2.56094771996206	1.0060866045452	3.01825981363559	0.67072440303013	1.67681100757533	2.01217320909039	1.44463717564608	2.34753541060546	1.34144880606026	1.67681100757533	0	1.34144880606026	0.67072440303013	2.34753541060546
4.27728908887323	5.70305211605348	1.87131397908876	6.68326421103129	2.67330568441252	3.74262795817752	4.27728909506003	4.27728909506003	4.27728909506003	4.147674274139	3.11075570560425	2.44416518735685	1.87131397908876	1.00642096361014	4.40690391627269
0.948298201719936	1.03450712896877	0.258626782512574	1.93970086884431	0.517253565025148	1.16382052130658	0.90519373879401	1.0345071300503	0.90519373879401	1.08376937428445	0.812827030713339	0.711223648563595	0.270942343571113	0.387940173768861	0.90519373879401
0.391255901637157	0.704260622759081	0.586883852651364	1.02704674213989	1.02704674213989	0.440162889488523	0.880325778977046	0.733604815814205	1.02704674213989	0.880325778977046	0.880325778977046	1.17376769708635	0.293441926325682	0	0.733604815814205
0.477464829036953	0.859436692008686	0.636619772367581	1.11408460164327	1.27323954473516	0.636619772367581	0.954929658551372	0.795774715459477	1.11408460164327	1.11408460164327	0.954929658551372	1.4323944763679	0.477464829275686	0	0.795774715459477
1.28384987341872	0.740682619090113	0.481443702852983	1.15546488684716	0.674021183994177	0.481443702852983	0.962887405705967	0.674021183994177	0.674021183994177	0.385154962282387	0.385154962282387	0	0.385154962282387	0.770309924564773	0.481443702852983
0.835563450731112	0.895246554252449	0.17407571900676	1.3055678925507	0.348151438013521	0.783340735530422	0.522227157020282	0.522227157020282	0.522227157020282	0.783340735530422	0.522227157020282	0.522227154409146	0.090822114260448	0.189900784353748	0.45411057130224
1.42576303123122	0.962390045907311	0.789653371494404	2.17154677160961	1.92478009285721	0.592240028620803	1.1844800572416	0.789653371494404	0.789653371494404	0.394826685747202	1.1844800572416	2.56637342656033	1.1844800572416	0.394826685747202	2.17154677160961
0.305046974089995	0.457570461134993	0.105593183389385	0.950338650504464	0.42237273355754	0.633559100336309	0.316779550168155	0.527965916946925	0.42237273355754	0.527965916946925	0.42237273355754	0.686355687965664	0.105593183389385	0.196101626309657	0.294152439464485
0.907183174807339	1.20957756640978	0.167996884365445	2.01596261238534	0.503990653096336	1.17597819055812	0.671987537461781	1.34397507492356	1.00798130619267	0.88939527011478	0.88939527011478	1.51197195370311	0.355758108045912	0.503990653096336	1.00798130619267
0.348151437665369	0.185680766878651	0.15666814702775	0.185680766878651	0.139260575066148	0.104445431351834	0.139260575205408	0.139260575205408	0.0348151438013521	0.0696302876027042	0.139260575205408	0.0696302875330739	0.0759603137414991	0.113940470612249	0.104445431404056
0.331572797776542	0.176838825598715	0.149207759074048	0.176838825598715	0.132629119110617	0.0994718393826987	0.132629119243246	0.132629119243246	0.0331572798108115	0.0663145596216231	0.132629119243246	0.0663145595553085	0.0723431559442849	0.108514733916427	0.0994718394324346
0.331572797776542	0.176838825598715	0.149207759074048	0.176838825598715	0.132629119110617	0.0994718393826987	0.132629119243246	0.132629119243246	0.0331572798108115	0.0663145596216231	0.132629119243246	0.0663145595553085	0.0723431559442849	0.108514733916427	0.0994718394324346
0.192312222859971	0.989034288648759	1.03848600357077	1.25877091354499	1.25877091354499	0.629385456772495	1.10142454935187	0.786731820965619	1.10142454935187	1.10142454935187	0.944078185158743	0.432702500773861	0.173081000595128	0	0.86540500297564
0.238732414488635	0.15915494302116	0.15915494302116	0.2652582383686	0.119366207244318	0.179049310866476	0.146912255161749	0.183640318952187	0.0734561275808748	0.0367280637904374	0.146912255161749	0.10610329534744	0.0734561275808748	0.198943678848291	0.110184191371312
0.663974527838015	1.41647899257355	1.69361618775453	2.69131008768395	1.98307059092502	1.55812689286966	1.98307059092502	1.98307059092502	2.36079832243141	1.84142269157323	2.1247184902768	0.885299369989593	1.53965107977684	0.923790647866106	2.15551151168758
0.691621847841525	1.71464583093061	2.03797904604716	3.04825925716104	2.17732804082932	1.74186243266345	2.32248324355127	2.32248324355127	2.4118095220532	1.88701763538541	2.46763844627322	0.979797617103084	1.65811904641157	1.05516666589827	2.26107142692487
0.645323557954925	1.3766902568271	1.64604269933446	2.6157114897153	1.92736636084285	1.51435928351938	1.92736636084285	1.92736636084285	2.29448376281255	1.78969733506836	2.06503538661734	0.860431410158425	1.49640245394042	0.897841472364249	2.09496343551658
5.04819584278239	7.08058637517309	1.85443929201118	7.41775716804473	2.78165893801677	4.32702501469276	4.01795179935756	4.94517144536315	4.94517144536315	4.63609823002796	3.09073215335197	2.16351250116491	2.24364260011609	1.19366207306573	4.01795179935756
5.15264127401237	7.22708126569391	1.89280700150107	7.57122800600427	2.52374266866809	4.41654967016916	4.10108183658565	5.04748533733618	5.04748533733618	4.73201750375267	3.15467833583511	2.20827482877522	2.29006279184263	1.21835852974985	3.78561400300214
1.49207759034552	2.68573966262193	2.73164974399353	4.50939005376932	2.63047753136544	2.44258627912505	2.79893175772647	2.62399852286857	3.08007445649145	2.44906528801066	2.97386499258438	1.17070703178927	2.09919881829485	1.57439911372114	2.44906528801066
0	1.67908464693296	1.67908464911577	3.77794046051048	0.839542324557885	0.419771162278943	2.28966088542846	1.90805073785705	1.74904650987455	1.04942790592473	1.90805073785705	0	1.04942790592473	0.763220295142822	1.14483044271423
0.764689765063324	1.07056567108865	0.174786232145564	1.48568297323729	0	0.543779388877169	0.725039185169559	0.634409287023364	0.362519592584779	0.376462653823025	0.282346990367268	0	0.19576057997954	0.29364086996931	0.39152115995908
0.663145595679398	0.879540474101986	0.293180158327176	1.61249087079947	0.293180158327176	0.828035852550319	0.526931906168385	0.451655919572902	0.526931906168385	0.677483879359352	0.451655919572902	0.696302870108468	0.0773669862209287	0.477464829234761	0.541568903546501
0.602515141274665	1.05440149723066	0.175733582997301	1.23013508098111	0	0.458435433886071	0.458435433886071	0.550122520663285	0.183374173554428	0.191709363252355	0.191709363252355	0	0.200838380539653	0.100419190269826	0.301257570809479
0.839542324250053	1.67908464850011	2.19011041235672	3.49809301989486	2.09885581193692	2.09885581193692	2.62356976492115	2.4486651139264	2.7376380154459	2.27376046293166	2.97337906691063	1.25931348532565	1.92395116094217	1.39923720795794	2.27376046293166
1.51197195856662	1.51197195798703	0.788854935325046	2.36656480597514	0.986068669156308	1.38049613681883	0.986068669156308	1.18328240298757	0.788854935325046	0.986068669156308	0.788854935325046	1.51197195508909	0.394427467662523	0.591641201493785	1.18328240298757
0.908509466261035	0.851727624448192	0.281951213839521	1.69170728303713	0.469918689732536	0.845853641518564	0.563902427679043	0.469918689732536	0.469918689732536	0.751869903572057	0.469918689732536	0.681382095853539	0.0939837379465072	0.389361200050195	0.65788616562555
0.456400204239923	0.969850433920696	1.29313391256777	1.86211283417517	1.55176069514598	0.827605704077856	1.24140855611678	1.34485926912652	1.75866212116544	1.03450713009732	1.34485926912652	0.705345769623187	0.899571417397707	0.449785708698853	1.34935712609656
1.01859163517698	0.565884241664385	0.727565454030441	1.45513090806088	0.909456817538051	0.545674090522831	1.11408460164327	1.11408460164327	0.954929658551372	0.477464829275686	0.318309886183791	0	0.477464829275686	0.477464829275686	0.795774715459477
0.872865390637735	0.997560446238269	0.202403568932084	1.41682498252459	0.404807137864168	0.708412491262295	0.404807137864168	0.607210706796253	0.607210706796253	0.910816060194379	0.607210706796253	0.581910257915669	0.101201784466042	0.317405596719977	0.506008922330211
0.775880346969527	1.0345071292927	0.145477565169936	1.38203686911439	0.0727387825849678	0.60068155939197	0.675766754315966	0.525596364467974	0.300340779695985	0.465528208512759	0.310352139008506	0	0.0802634842233855	0.160526968446771	0.401317421116927
0.77236957636059	0.957416453938798	0.252505438559257	1.34669567231604	0.336673918079009	0.757516315677771	0.505010877118514	0.505010877118514	0.505010877118514	0.757516315677771	0.505010877118514	0.437676091664473	0.087535218697041	0.182365038944266	0.525211312182246
0.976354361452773	2.5385213382541	1.65555739694649	4.96667219083947	1.65555739694649	1.65555739694649	2.37986375822268	2.20740986259532	3.17315167763023	1.32214653234593	2.7198442946907	0	1.05771722587674	0.865405002904834	3.17315167731773
1.03575052737815	0.728439931059201	0.438412921942952	1.40292135021745	0.438412921942952	0.637384940338701	0.819494923292615	0.637384940338701	0.364219965907829	0.364219965907829	0.546329948861743	0	0.364219965907829	0.728439931815658	0.546329948861743
0.370341309687496	0.925853274218739	1.39365282397476	1.92577481141193	1.5646920342722	0.962887405705967	1.20360925713246	1.44433110855895	1.68505295998544	1.3239701828457	1.3239701828457	0.687776717084105	0.802406171332483	0.380087133811298	1.26695711270433
0.39457162951849	1.18371488855547	1.05219101260463	1.70981039548253	1.31523876575579	1.18371488918021	1.31523876575579	1.44676264233137	1.53186632707927	0.920667136029052	1.70981039548253	0.789143257787504	1.05219101260463	0.657619382877894	1.44676264233137
0.569702352802288	0.759603137069717	0.913897524728374	1.56668147096293	1.3055678924691	0.913897524728374	1.04445431397528	1.43612468171602	1.3926057518684	0.783340735481464	1.3055678924691	1.04445431064609	0.860138846856934	0.391670367740732	1.43612468171602
0.846931660848349	0.912080250024101	0.257761809996319	1.67545176497607	0.515523619992638	0.902166334987117	0.773285429988957	0.644404524990798	0.644404524990798	0.902166334987117	0.644404524990798	0.988086931445575	0.128880904998159	0.257761809996319	0.617554336476365
1.22892936082149	1.26486296751809	0.316215742195739	1.73918658207657	0.237161806646805	0.649524227195315	0.73071475559473	0.568333698795901	0.405952641997072	0.584120745968012	0.584120745968012	0	0.0834458208525731	0.500674925115439	0.667566566820585
0.300902314019825	0.534937447257801	0.320962468568656	2.08625604569626	0.481443702852983	1.20360925704649	0.859720897890347	1.03166507746842	0.859720897890347	0.687776718312278	1.48136523931974	0	0.859720897890347	0.171944179578069	1.03166507746842
1.53186632598294	0.765933162991469	1.8923054625287	3.82966581729769	1.78717738140559	2.0424884358921	2.29779949088924	2.08890862808113	2.08890862808113	1.88001776527301	1.6711269024649	0.417781725198443	1.25334517684867	1.46223603965679	2.08890862808113
0.687460933216468	3.53551336757263	0.713901739844253	4.75934493229502	1.90373797291801	2.14170521953276	2.61763971276226	2.37967246614751	2.61763971276226	2.37967246614751	2.37967246614751	2.06238279632668	0.989943745873198	0.916614579590981	3.09357420599176
0.831946292981119	0.54908455328268	0.610093948437586	1.09816910718765	0.854131527812621	0.488075158750069	0.968972741765363	0.753645465817504	0.538318189869646	0.322990913921788	0.322990913921788	0	0.538318189869646	0.430654551895717	0.430654551895717
3.59519648131651	4.25892506206142	1.48037502205444	4.14505006175245	0.296075004410889	2.36860003528711	2.96075004410889	2.664675039698	3.25682504851978	2.36860003528711	1.48037502205444	0	1.48037502205444	0.279626393071177	2.79626393071177
1.0265493823268	1.14061042460478	0.855457819061907	1.92478009301761	1.92478009301761	1.28318672867841	1.28318672867841	1.44358506976321	1.44358506976321	0.962390046508805	1.60398341084801	1.71091563082391	1.19764094668667	0.342183127624763	1.8820072019362
1.01859163517698	1.13176848332877	0.848826363100187	1.90985931710274	1.90985931710274	1.27323954473516	1.27323954473516	1.43239448782706	1.43239448782706	0.954929658551372	1.59154943091895	1.69765271895705	1.18835690834026	0.339530545240075	1.86741799882041
1.11321962840045	1.13795784208289	0.299462590291329	1.64704424660231	0.149731295145665	0.615112347608809	0.845779477962112	0.538223304157707	0.384445217255505	0.632198801691018	0.55317395147964	0	0.081282703072108	0.487696218432648	0.650261624576864
1.07791302303089	1.33391736578851	0.33877266458132	1.6938633229066	0.08469316614533	0.784657274558656	0.871841416176284	0.697473132941027	0.348736566470514	0.538956511801254	0.449130426501045	0	0.185266300925541	0.463165752313852	0.555798902776622
5.75515641896107	8.26381434394892	2.23811638695001	7.46038795650005	2.23811638695001	4.84925217172503	5.22227156955003	5.22227156955003	5.59529096737503	5.37147932892175	3.44325598022107	1.98943678466982	2.98415518260002	1.32629119243246	3.97887357729738
4.26090549374951	4.93877682164691	1.64625894240101	5.55612393060341	1.64625894240101	3.08673551700189	3.29251788480202	3.08673551700189	3.9098649882024	3.39229115415409	2.39455846175583	1.09750595625033	1.64625894240101	0.58103256794469	3.29251788501991
3.52982926752269	5.241261635775	1.49750332795594	6.48918108780907	2.49583887992656	3.24459054390453	3.9933422078825	3.9933422078825	3.9933422078825	3.74375831988985	2.74542276791922	2.05906706852989	1.80168369138216	1.17660975775709	4.36037733743115
3.48719847951667	5.1779613749441	1.47941753901579	6.41080933573511	2.46569589835966	3.20540466786756	3.94511343737545	3.94511343737545	3.94511343737545	3.69854384753949	2.71226548819562	2.03419910901931	1.77992422656601	1.19658771541988	4.19168302721142
1.24008226409763	1.86012339614644	2.2734841521087	3.32864186883228	1.95802462872487	1.95802462872487	2.74123448021482	2.06680377464427	2.06680377464427	1.76222216585238	2.74123448021482	1.24008226340869	1.56641970297989	1.37061724010741	1.95802462872487
0.895246554124557	0.895246554124557	0.482055837249491	1.44616751174847	1.39260575193803	0.642741116332654	1.28548223266531	0.803426395415818	0.964111674498981	0.321370558166327	1.28548223266531	1.04445430829606	1.12479695358214	0.348151437984508	1.9148329089148
1.33690152108065	0.954929657516865	0.572957795130823	1.14591559026165	0.687549354156988	0.572957795130823	1.26050714928781	0.572957795130823	0.802140913183153	0.687549354156988	0.572957795130823	0	0.343774677078494	0.687549354156988	0.687549354156988
0.631938744220683	1.10589280238619	1.34286983211406	2.16925126745584	1.65276287044255	1.13627447342925	1.34286983233787	1.43878910607629	1.63062765355312	1.43878910607629	1.43878910607629	0.447623276849125	0.929679114623932	0.497359197143752	1.39260575200251
6.1649135262276	7.6419240577101	1.94080611137719	7.43975676027923	1.94080611137719	4.85201527844297	5.17548296367251	4.85201527844297	5.17548296367251	4.99064428659653	3.31275525932871	1.94080610706429	2.91120916706578	1.1644836669557	4.07569283434495
0.251995326394171	0.125997663249584	0.103088997192491	0.125997663249584	0.0839984421313903	0.103088997192491	0.100798130624867	0.125997663281084	0.0251995326562168	0.0251995326562168	0.125997663281084	0.0944982473781269	0.0503990653124335	0.134997496362947	0.100798130624867
0.251995326394171	0.125997663249584	0.103088997192491	0.125997663249584	0.0839984421313903	0.103088997192491	0.100798130624867	0.125997663281084	0.0251995326562168	0.0251995326562168	0.125997663281084	0.0944982473781269	0.0503990653124335	0.134997496362947	0.100798130624867
0.172417854872538	0.0431044637181346	0.0738933663932981	0.0646566956068362	0.0431044637181346	0.0323283478034181	0.04702305136806	0.02351152568403	0	0.04702305136806	0.07053457705209	0	0	0.02351152568403	0.04702305136806
0.172417854872538	0.0431044637181346	0.0738933663932981	0.0646566956068362	0.0431044637181346	0.0323283478034181	0.04702305136806	0.02351152568403	0	0.04702305136806	0.07053457705209	0	0	0.02351152568403	0.04702305136806
0.172417854872538	0.0431044637181346	0.0738933663932981	0.0646566956068362	0.0431044637181346	0.0323283478034181	0.04702305136806	0.02351152568403	0	0.04702305136806	0.07053457705209	0	0	0.02351152568403	0.04702305136806
0.924322937872786	1.15540367234098	1.50202477484564	2.52972593676705	1.26486296838353	1.26486296838353	1.32178180237819	1.08145783830943	1.32178180237819	1.32178180237819	1.08145783830943	0.375506193646218	0.751012387683589	0.841133874240667	1.08145783830943
0.852615765832911	1.06576970729114	1.41354719141382	2.53653190476612	1.19366207283112	1.19366207283112	1.3773023921414	1.03297679410605	1.26252719279628	1.26252719279628	1.14775199345117	0.351077080163905	0.716197243884881	0.803426395415818	1.03297679410605
0.86966808114957	1.30450212172435	1.60202015026899	2.58726254286145	1.36972722857371	1.36972722857371	1.40484843998423	1.17070703332019	1.40484843998423	1.40484843998423	1.17070703332019	0.380479785591262	0.730521188762579	0.819494923324134	1.17070703332019
0.856452537042213	0.951613929883014	0.236807153229473	1.49977863712	0	0.489401449991265	0.570968358323142	0.65253526665502	0.32626763332751	0.33751824136126	0.421897801701574	0	0.174786232126836	0.349572464253673	0.436965580317091
1.03749128455405	0.697473132264068	0.523104849721156	1.48213040754328	0.523104849721156	0.697473132961541	0.610288991341349	0.435920708100963	0.523104849721156	0.523104849721156	0.435920708100963	0.592852159578768	0.174368283240385	0.628782597120517	0.610288991341349
0.238732414478688	0.11936620728908	0.0976632604981491	0.11936620728908	0.079577471492896	0.0976632604981491	0.0954929658551372	0.119366207318922	0.0238732414637843	0.0238732414637843	0.119366207318922	0.0895246554108571	0.0477464829275686	0.127892364975424	0.0954929658551372
0.627777830875439	0.627777830875439	0.235416686656762	1.29479177661219	0.117708343328381	0.470833373313524	0.706250059970285	0.470833373313524	0.470833373313524	0.235416686656762	0.941666746627047	0	0.470833373313524	0	0.588541716641905
1.38155332483646	0.932548494096231	0.765167995634112	2.10421198799381	1.86509698920272	0.573875996725584	1.14775199345117	0.765167995634112	0.765167995634112	0.382583997817056	1.14775199345117	2.48679595596931	1.14775199345117	0.382583997817056	2.10421198799381
0.891267680824417	0.866510245096728	0.215629277737407	1.29377566642444	0	0.37136153386871	0.445633840642452	0.594178454189937	0.297089227094968	0.30733368319074	0.384167103988426	0	0.15366684159537	0.37136153386871	0.384167103988426
1.25334517576244	0.895246553698249	0.479596368692095	1.34286983233787	0.575515642430514	0.575515642430514	0.863273463645772	0.383677094953676	0.671434916168933	0.575515642430514	0.479596368692095	0	0.191838547476838	0.596831036572502	0.479596368692095
1.34813598743288	0.909456816563633	0.492866920542644	1.31431178811372	0.410722433785536	0.509295817877089	0.848826363128481	0.594178454189937	0.42441318156424	0.42441318156424	0.509295817877089	0	0.254647908938544	0.702476990150264	0.509295817877089
1.60379211675183	2.23385330584398	0.930772211765583	4.65386105882791	1.48923553882493	1.93049051321497	2.50963766717946	1.80426613342766	2.50963766717946	1.35134335925048	3.12739463113026	0	1.04246487704342	0.400948029650591	3.20758423720472
0.862089273500603	1.7241785470012	0.172417854993231	2.06901425991877	0.517253564979693	1.03450712995939	1.03450712995939	1.03450712995939	0.517253564979693	0.554200248147664	0.554200248147664	1.29313390841896	0.554200248147664	0.484925217202811	1.03450712995939
1.07010757699305	0.683430049023919	0.414939673061013	1.65975869224405	0.414939673061013	0.829879346122026	0.663903476897621	0.580915542285418	0.663903476897621	0.829879346122026	0.580915542285418	0.726144422229153	0.165975869224405	0.598001293511518	0.663903476897621
2.38732414160378	5.43116241726056	1.3300805956874	5.76368258131208	2.21680099281234	3.3252014892185	3.3252014892185	3.76856168778097	3.54688158849974	3.3252014892185	2.43848109209357	2.58626781662241	1.82560081755033	1.29313391251389	4.21192188634344
0.977034511432901	1.9540690228658	1.0991638257284	2.93110353527574	0.732775883818935	1.0991638257284	1.46555176763787	1.59878374636869	2.1983276514568	1.46555176763787	1.0991638257284	0	0.366387941909467	0.732775883818935	1.46555176763787
1.56229300663748	2.81212741194746	3.09854779793302	4.8868525272457	2.76213403713887	2.54966218812819	2.95099790316223	2.75426470961808	3.06449782239675	2.55753151607393	2.95099790316223	1.32794905476307	2.4515982579174	1.96733193544148	2.75426470961808
1.16050479231461	1.16050479231461	1.63835970772068	3.09467944814944	1.54733972407472	1.54733972407472	1.81644228528794	1.36233171396595	1.51370190440661	1.51370190440661	1.51370190440661	0.464201917103787	0.791253268176582	0.908221142643968	1.21096152352529
1.76294706139855	2.15471307504267	0.954929658491689	2.22816920314727	0.159154943081948	0.954929658491689	1.27323954465559	1.43239448773753	1.43239448773753	1.27323954465559	0.795774715409741	0	0.477464829245844	0	1.34813598854311
0.371361533633515	0	0.139260575170593	0.618935889733044	0.83556345102356	0	0.557042300682373	0	0.139260575170593	0.139260575170593	0.41778172551178	0	0.41778172551178	0	0.41778172551178
0.364730077736562	0	0.156312890492022	0.683868896012504	0.820642675215005	0	0.625251561968088	0	0.156312890492022	0.156312890492022	0.312625780984044	0	0.312625780984044	0	0.468938671476066
2.95883507220358	5.42453096198063	1.35613274408137	6.23821062277432	2.1698123905302	3.52594513461157	3.79717168342785	4.61085132987667	3.52594513461157	3.79717168342785	2.71226548816275	2.71226548099031	2.24463350735731	1.52564933719961	3.93715957973503
1.2688185714151	3.56855223071721	0.713710447808766	4.2822626868526	1.18951741301461	2.1411313434263	2.1411313434263	2.85484179123506	1.90322786082338	2.37903482602922	1.90322786082338	2.44700724269687	1.37032405985678	1.31761928838059	2.5122607764041
1.15387333587774	2.76929600481425	1.86394923722132	6.12440463658432	1.59767077476113	2.21543680757333	3.04622561041333	2.01927834014188	3.60008481230666	1.73081000583589	2.96710286665273	0	1.73081000583589	0.989034288884243	3.95613715553697
0.76394372626814	1.20622693610175	0.145513090826876	1.45513090826876	0.0727565454134379	0.599171550445983	0.748964438057479	0.524275106640235	0.37448221902874	0.540162231067029	0.385830165047878	0	0.0795774715384873	0.159154943076975	0.477464829230924
0.533169058931314	0	0.190417521144827	0.833076655142505	0.952087605724135	0	0.571252563434481	0	0.166615331028501	0.166615331028501	0.499845993085503	0	0.499845993085503	0	0.499845993085503
0.315823089921635	0.561463271088766	0.336877962877845	2.18970675870599	0.505316944316768	1.26329236070168	0.902351686215488	1.08282202345859	0.902351686215488	0.721881348972391	1.55482136688931	0	0.902351686215488	0.180470337243098	1.08282202345859
0.396078778650931	0.528105038201241	0.0907680534820965	0.816912481338869	0	0.290457771123345	0.290457771123345	0.484096285205575	0.096819257041115	0.103734918250434	0.207469836500868	0	0.207469836500868	0.096819257041115	0.311204754751302
0.293441926252322	0.782511803013477	0.704260623181637	1.64327478742382	1.64327478742382	0.939014164242183	1.40852124636327	0.704260623181637	1.17376770530273	1.64327478742382	1.87802832848437	1.17376770060766	0.704260623181637	0	0.939014164242183
0.683642823300596	0.626672587640997	0.537147932781676	1.83823959234374	1.96954242019948	0.358098621854451	1.61144379834503	0.167112690213067	0.313336294173002	0.626672588346004	1.09667702960551	0	0.783340735432505	0.156668147086501	1.56668147086501
3.27404454290312	4.40736765349637	1.43239448773753	3.93908484127822	0.358098621934383	2.86478897547507	3.22288759740945	3.22288759740945	3.93908484127822	2.86478897547507	1.79049310967192	0	1.79049310967192	0.337033997135778	3.37033997135778
1.87007058086225	2.33758822607781	0.801458820512654	2.2040117564098	0.200364705128164	1.20218823076898	1.40255293589714	1.40255293589714	1.60291764102531	1.60291764102531	0.801458820512654	0	0.601094115384491	0	1.49605646506382
0.290955130267132	0.775880347055736	0.698292312815691	1.62934872990328	1.62934872990328	0.931056417087588	1.39658462563138	0.698292312815691	1.16382052135948	1.62934872990328	1.86211283417517	1.1638205167042	0.698292312815691	0	0.931056417087588
2.05575134731096	2.46690161677316	1.07926945773399	2.7752643198874	0.462544053314566	1.69599486215341	1.54181351104855	1.54181351104855	1.69599486215341	1.3876321599437	1.3876321599437	0	0.85656306158895	0	1.46839382012316
0.835563450953929	1.67112690190786	0.940008882636507	3.13336294212169	0.940008882636507	1.25334517684867	2.19335405948518	1.67112690235349	1.88001776527301	1.25334517684867	1.56668147106084	0	1.25334517684867	1.56668147106084	1.88001776527301
0.498780223119135	0.997560446238269	1.34758165602728	2.10596094321183	1.55176069499819	1.10840049642728	1.31562319805855	1.31562319805855	1.61922855145667	1.31562319805855	1.21442141359251	0.423207461850859	0.886720397141824	0.529009327866629	1.37542425245323
0.698513360998506	1.10940357325268	1.50878886039046	2.4179308661108	1.8134481495831	1.57165506297202	1.8134481495831	1.93434469288864	2.13745088555316	1.45075851966648	1.93434469288864	1.04777004071193	1.50878886039046	0.754394430195232	2.01171848052062
0.576936667958103	1.44234166906591	1.44234167155395	4.61549334897264	1.44234167155395	1.21460351281402	2.8846833431079	1.82190526922103	2.30774667448632	1.51825439101753	2.37562157619498	0	1.21460351281402	0.641040742830956	2.56416297132382
1.24008226368427	1.43086415062506	0.485249581905822	3.23499721270548	0.646999442541096	1.35281701615813	1.52191914317789	1.4172368739968	1.2400822647472	0.885773046247997	1.67411105731305	0	0.885773046247997	0.177154609249599	1.77154609249599
0.159154943056527	0.818511135433455	0.859436692610291	1.04174144569241	1.04174144569241	0.520870722846203	0.911523764980855	0.651088403557754	0.911523764980855	0.911523764980855	0.781306084269304	0.358098621330092	0.143239448768382	0	0.716197243841909
0	1.68704239373741	1.53367490573999	3.45076853791497	0.766837452869995	0.766837452869995	2.46027016155217	1.75733582968012	1.62215615061954	1.05440149780807	1.91709363217499	0	1.05440149780807	0.766837452869995	1.15025617930499
0.652783945744965	0.447623276966359	0.232100958658488	1.00577082085345	0.154733972438992	0.401713197661557	0.596831036573292	0.373019397858308	0.223811638714984	0.309467944877984	0.38683493109748	0	0.160685279064623	0.373019397858308	0.38683493109748
5.07704268260064	6.42872287667613	2.07697200724539	5.88475402052859	1.38464800483026	3.80778201328321	4.50010601569833	4.50010601569833	4.50010601569833	3.80778201328321	2.42313400845295	1.15387333453156	2.55066737717794	0.989034289213921	4.61549334966497
0.925992395750122	1.15749049468765	1.3581221809603	1.90985931710274	1.90985931710274	0.954929658551372	1.11408460164327	1.59154943091895	1.75070437401085	1.11408460164327	1.27323954473516	1.27323954091544	1.01859163572022	0.169765272620037	1.69765272620037
0.565000047524228	0.15694445761423	0.176562514970501	0.617968802396754	0.0941666746438714	0.282500023931614	0.332352969378231	0.332352969378231	0	0.176562514970501	0.176562514970501	0	0.0941666746438714	0.0830882423445578	0.176562514970501
1.04674981722227	0.377992989677879	0.503990652984338	0.795774715291945	0.566989484516819	0.419992210820281	0.525903290216698	0.46016537893961	0.328689556385436	0.197213733831262	0.525903290216698	0.274903992313378	0.262951645108349	0.549807985201556	0.46016537893961
0.684366254975779	0.916561948532255	0.977666078946516	1.86645342353223	1.74980008456146	1.04988005073688	1.28318672867841	1.28318672867841	1.39984006764917	0.816573372795349	1.39984006764917	1.02654937945246	1.22208259868314	0.384956018565026	1.79646141997012
1.15955744111863	1.93259573519772	0.932977252543319	4.47829081220793	1.30616815356065	2.12585531107112	2.70563403227233	1.80375602144092	2.31911488480486	1.60333868572526	2.81385939318938	0	1.40292135000961	0.432901445106059	2.81385939318938
1.31744925056404	1.11159780496271	1.2351086728498	2.28020062698965	2.50822068968862	1.14010031349483	1.36812037619379	1.36812037619379	1.36812037619379	0.684060188096896	1.59614043889276	1.97617387013712	0.988086938279843	0.494043469139921	2.22319561112965
0.272837045222439	0.477464829036953	0.424413181578387	0.742723067762178	0.742723067762178	0.318309886183791	0.636619772367581	0.530516476972985	0.742723067762178	0.636619772367581	0.742723067762178	0.954929650911935	0.212206590789194	0	0.530516476972985
0.696302875678891	0.870378594598613	0	0.928403834702723	0	0.348151438013521	0.464201917351361	0.348151438013521	0.232100958675681	0.464201917351361	0.348151438013521	0	0	0	0.126600522902499
0.727249670193911	0.701276467560366	0.21577737476882	1.22273845702331	0	0.374014116250994	0.374014116250994	0.59842258600159	0.224408469750596	0.233758822646741	0.311678430195655	0	0.155839215097827	0.224408469750596	0.389598037744569
1.10685028413635	2.28287870869646	0.901878010753865	4.96032905914626	1.80375602150773	2.0292255241962	2.48016452957313	2.0292255241962	2.48016452957313	1.95675318412398	2.48016452957313	1.52191913342377	0.936565626512066	0.65225106137466	2.93110353495006
0.50929581733384	1.4551309053585	1.34025215221172	3.75270602619283	1.07220172176938	0.536100860884689	2.2918311804087	1.87635301309641	2.0371832714744	1.2732395446715	2.4124538739811	0	0.5092958178686	0.804151291327034	2.4124538739811
0.971508297080474	2.59068879012765	1.63213394114624	4.66323983184641	2.09845792433089	2.09845792433089	2.24194222694926	2.33161991592321	2.91452489503404	1.51123513082082	2.91452489476314	0	0.932647966369283	0.466323983184642	3.15740196932674
1.6114437963263	3.49146155604809	1.86211283398896	6.05186671046413	2.09487693823758	2.32764104248621	3.02593335523207	2.64869497928039	3.49146156372931	2.0273002628825	2.99268134010427	0	1.20395226330927	0.240790452661853	3.49146156345498
1.94964805022977	3.72205536622771	1.59221257635595	5.91393242646495	2.04713045531479	2.50204833427363	3.1844251527119	2.58832586294351	3.41188409219132	2.20121554342734	3.05893056529688	2.27458937227578	1.4118141070601	0.454917878958842	3.52953526765024
0.580915542053052	0.726144427566315	0	0.933614264387279	0.103734918265253	0.414939673061013	0.414939673061013	0.31120475479576	0.207469836530506	0.414939673061013	0.31120475479576	0	0	0	0.111714527353987
3.43177845919336	4.75169325069475	2.01869321177368	4.44112506590209	0.807477284709472	2.82617049648315	3.22990913883789	3.63364778119262	4.03738642354736	3.22990913883789	2.28785230681889	0.980508129867413	1.90654358901574	0.722479675877683	3.25115854144957
0.788540399577649	1.97135099894412	1.73478887970166	2.89131479950276	1.15652591980111	1.44565739975138	1.73478887970166	1.85870237097616	1.54891864248013	1.15652591980111	2.02392035965193	1.08424304683187	0.86739443985083	1.15652591980111	1.73478887970166
0.542121524635708	1.62636457390712	1.80707174968923	2.89131479950276	1.08424304981354	1.08424304981354	1.80707174968923	1.57708079958541	1.44565739975138	1.08424304981354	1.80707174968923	0	0.722828699875691	1.08424304981354	1.44565739975138
0	0.839542323298571	1.52644059014688	3.43449132783047	0.763220295073438	0.839542324473931	2.28966088522031	1.90805073768359	1.39923720778304	1.14483044261016	1.67908464894786	0	1.14483044261016	0.839542324473931	0.839542324473931
3.82966581288294	5.89179355505229	1.57692121905219	6.08241041634417	2.02747013878139	3.15384243810438	3.60439135783358	3.37911689796899	4.05494027756278	3.28257070098898	2.62605656079118	1.27655526590795	1.57692121905219	0.638277636322662	3.72024679445418
3.92913765277889	6.28662024165217	1.74628340317537	6.33027733651074	1.9645688285723	3.27428138095383	3.49256680635075	3.71085223174767	4.36570850793844	3.39817310898386	2.76101565104939	1.1226107540166	1.52799797777845	0.620390156427532	3.82294474760684
0.392913765512545	0.314331012103564	0.285755465953947	1.04777004193433	1.14302186381579	0.285755465953947	1.00014413083882	0	0.142877732976974	0.285755465953947	0.857266397861842	0	0.571510931907895	0	0.714388664884869
0.35367765104024	0.318309885992805	0.238732414494604	0.477464828989207	0.17683882552012	0.35367765104024	0.198943678864869	0.248679598581086	0.149207759148652	0.0994718394324346	0.198943678864869	0.132629119199036	0.0497359197162173	0.212206590775047	0.198943678864869
0.389045416144264	0.350140874592085	0.262605655944064	0.525211311888128	0.194522708072132	0.389045416144264	0.218838046751356	0.273547558439195	0.164128535063517	0.109419023375678	0.218838046751356	0.14589203111894	0.054709511687839	0.233427249852551	0.218838046751356
0.374677261674832	0.449612713874914	0.642303877294491	1.60575969323623	1.92691163188347	0.642303877294491	1.60575969323623	0.642303877294491	0.843023839084505	1.40503973180751	1.40503973180751	0	0.843023839084505	0	1.40503973180751
1.03450712840449	2.13367095022484	0.842931735572414	4.63612454564827	1.68586347114483	1.89659640503793	2.31806227282414	1.89659640503793	2.18838046726106	1.89659640503793	2.40721851398716	1.42244729499352	0.910366274339983	0.63219880167931	2.62605656071327
0.622409509146941	1.24481901829388	1.45228885571354	2.90457771142709	1.08921664178516	1.08921664178516	1.81536106964193	1.58431511517984	1.45228885571354	1.45228885571354	1.45228885571354	0	0.726144427856772	1.08921664178516	1.45228885571354
2.11448709790631	4.03674809325062	1.34558270060447	6.05512215272013	2.01837405090671	2.46690161777487	3.1396929680771	2.77526431990474	3.2378083732222	2.46690161777487	2.54399229324601	1.85017619910442	1.43239448764223	0.693816079976186	3.58098621910558
2.27713995097833	4.03674809288365	1.15636013325751	6.01307269293904	2.08144823986351	2.54399229316651	3.23780837312102	2.62605656059272	3.34225380439073	2.54399229316651	2.77526431981802	1.85017619864187	1.43239448759603	0.897055133709132	3.46908039977252
0.30836270197073	0.548200359173284	0.32892021572325	2.13798140220113	0.493380323584876	1.23345080887408	0.881036292052918	1.0572435504635	0.881036292052918	0.704829033642334	1.51809330310452	0	0.881036292052918	0.176207258410584	1.0572435504635
0.623356859903014	0.287703166026461	0.287703166336295	1.00696108217703	0.0719257915840738	0.299211292976858	0.484833113660132	0.415571240280113	0.277047493520075	0.287703166336295	0.287703166336295	0	0.149605646488429	0.415571240280113	0.359628957920369
0.636619771975815	1.11408460095768	0.197048977161394	1.18229386296837	0	0.517253565022797	0.517253565022797	0.620704278027357	0.206901426009119	0.217790974734405	0.217790974734405	0	0.229890473316645	0.108895487367203	0.344835709974967
0.87325804237392	1.30988706356088	0.251392466929244	1.67594977952829	0.0837974889764146	0.691329284033816	0.777745444538043	0.691329284033816	0.432080802521135	0.535222671492247	0.356815114328164	0	0.184354475729677	0.276531713594515	0.460886189324192
1.67965305749108	2.23953740998811	0.261279364856939	3.13535237828327	0.783838094570817	1.30639682428469	1.56767618914163	1.56767618914163	1.04511745942776	1.11976870643376	1.04511745942776	1.56767618537921	0.522558729713878	0.691621848248362	1.46969642743051
1.78196694931795	2.37595593242394	0.277194859162945	3.32633830995535	0.831584577488836	1.38597429581473	1.66316915497767	1.66316915497767	1.10877943665178	1.18797796773937	1.10877943665178	1.66316915098607	0.554389718325891	0.733751097887856	1.55922108290851
2.21822201573868	2.77277751967335	0.492938226438575	3.45056758507002	0.98587645287715	1.72528379253501	1.9717529057543	2.21822201897359	1.47881467931572	1.56580377799155	1.23234556609644	2.21822201379774	0.739407339657862	0.887288807692952	2.10147349178823
1.43985487362471	2.39975812270785	0.225859588318494	2.93617464814042	0.677578764955482	1.35515752991096	1.35515752991096	1.58101711822946	1.35515752991096	1.19987906285377	1.12929794159247	1.53584519622925	0.451719176636988	0.80833957934524	1.49318283398097
0.970845152375139	0.539358417896295	0.485422576430281	1.29446020381408	0.809037627383801	0.647230101907041	1.29446020381408	0.809037627383801	0.647230101907041	0.32361505095352	0.485422576430281	0	0.485422576430281	0.32361505095352	0.485422576430281
0.492385604944358	0.875352186480213	1.37011646655762	1.9695424207622	1.64128535063517	0.984771210381102	1.31302828050814	1.53186632725949	1.75070437401085	1.20360925713246	1.42244730388381	0.656514139597554	0.95492965846456	0.35809862192421	1.31302828038877
0	0.633777718906972	0.887288807619011	3.54915523047605	0.887288807619011	1.90133315902968	1.5844442991914	1.70632462973905	1.5844442991914	1.36505970379124	1.61325237682426	0	1.36505970379124	0.739407339473011	1.47881467894602
0	0.662198244323896	0.927077543324875	3.7083101732995	0.927077543324875	1.98659473552588	1.85415508664975	1.98659473552588	1.85415508664975	1.65549561293823	1.93141154801407	0	1.32439649035059	1.06970485748506	1.42627314331342
0.742723067366059	0.856988154450984	0.253201045816506	1.64580679780729	0.506402091633012	0.886203660357772	0.633002614541265	0.633002614541265	0.633002614541265	0.886203660357772	0.633002614541265	0.928403828513364	0.126600522908253	0.379801568724759	0.605480761762645
0.366940562831936	0.733881125663872	0.550410844828893	2.75205422414446	0.550410844828893	1.55410120883214	1.35983855772812	1.44482846748521	0.971313255520089	1.032020333918	1.9814790409657	0	1.23842440070161	0.220164337885078	1.54115036519555
0.800195685211812	0.400097842605906	0.400097843028231	3.00073382271174	0.600146764542347	1.69453204095553	1.69453204095553	1.5753852567158	1.0590825255972	1.35033022004211	2.16052835189634	0	1.35033022004211	0.24005870576626	1.92046964613008
0.649882683966965	0	0.557042300662479	1.3926057516562	1.3926057516562	0.649882683966965	1.29976536793393	0	0	0.835563450993718	0.557042300662479	0	0.278521150331239	0	1.3926057516562
0.689671419720044	0	0.591146931315284	1.47786732828821	1.47786732828821	0.689671419720044	1.37934283944009	0	0	0.886720396972925	0.591146931315284	0	0.295573465657642	0	1.47786732828821
1.04113858458453	1.70368131985495	1.44157650360833	5.04551776262916	1.44157650360833	1.99898608491437	2.88315300721666	1.99898608491437	2.64289025661527	1.74911282430007	2.71601370205534	0	1.49923956368577	0.780853939381934	2.60284646460644
0	0	0	0	0	0	0	0	0	0	0	0	0	0	0
2.51464809783437	3.86868937997424	1.01397100834262	5.47544344505018	2.02794201668525	2.23073621835378	2.63632462169083	2.09554008383373	3.35286413413397	2.63632462169083	2.16780008664233	1.57165505163797	1.08390004332116	0.62866202515012	3.1433101257506
2.7283704485216	4.86146006840717	1.15749049507348	6.01895057438211	2.08348289113227	2.77797718817636	3.70396958423514	3.47247148522045	3.93546768324984	3.24097338620575	2.54647908916166	1.09134817652436	1.43239448760325	0.898757325616107	3.93546768324984
5.40728917965111	7.00944893409252	1.60931225915913	7.402836392132	2.57489961465461	4.82793677747739	4.50607432564556	5.14979922930921	4.50607432564556	4.50607432564556	3.21862451831826	2.00269969545501	3.00404955030322	1.50202477532963	4.0399287059104
0.258626782395017	1.29313391197508	1.31664543818598	1.50473764364113	1.12855323273084	1.12855323273084	1.50473764364113	1.31664543818598	1.2414085558685	0.940461027275703	1.50473764364113	0.413802851459604	0.940461027275703	0.564276616365422	1.31664543818598
4.90197224428919	6.20704277615032	1.82304752979598	5.77298384435393	1.51920627482998	3.94993631455795	4.25377756952395	4.25377756952395	4.25377756952395	3.64609505959196	2.90630765633434	0.954929656232257	2.54647908910654	0.83556345123245	3.62077495534062
1.49207758943491	2.48679598239152	0.248679598534459	2.73547558387905	0.746038795603377	1.74075718974121	1.24339799267229	1.74075718974121	1.24339799267229	1.06103295366303	1.49207759120675	1.98943678433825	0.746038795603377	1.10524266029898	1.76838825647837
0	0.885299369399394	1.32794905592502	2.65589811185004	0.44264968530834	1.01177070907747	1.77059874123336	1.77059874123336	1.18039916100258	1.32794905592502	1.5176560636162	0	0.885299370616681	1.01177070907747	0.505885354538733
0.573620939292987	1.37669025333948	0.191206980210479	2.48569074273622	0.573620940631436	1.33844886147335	1.14724188126287	1.33844886147335	0.956034901052393	0.956034901052393	0.809817798482922	1.37669025333948	0.573620940631436	0.543430364842097	1.33844886147335
3.2228875911651	0	0	2.68573966467573	0	0	0	0.537147932935147	0	1.93373255817978	1.93373255817978	0	3.22288758149644	3.22288758149644	1.93373255817978
3.40193690405335	0	0.485990986941323	2.91594592164794	0	0	0	0.971981973882647	0	2.26795793868152	1.70096845401114	0	3.40193690008442	1.70096845004221	2.26795793868152
2.77526431808348	0	1.58586532580853	3.17173065161706	0.528621775269509	0.528621775269509	0	1.05724355053902	0	1.85017621313492	2.46690161751323	0	1.85017620881784	1.85017620881784	2.46690161751323
2.29183117914819	0	1.90985931710274	3.3422538049298	0.477464829275686	0.954929658551372	0.954929658551372	1.43239448782706	0	1.90985931710274	3.27404454313698	0	2.54647908522619	2.54647908522619	2.18269636209132
1.75070437376075	0	1.91483290907436	1.91483290907436	0.382966581814873	0.765933163629746	1.14889974544462	1.31302828032056	0	1.75070437376075	2.18838046720093	0	1.53186632572763	2.29779948859144	2.29779949088924
1.104137417516	0	0.946403500885735	0.946403500885735	0.368045805838667	0.368045805838667	0.736091611677334	0.883309933806695	0	1.32496490071004	1.76661986761339	0	1.10413741687192	1.65620612530788	1.104137417516
1.24671372074799	0	1.40255293599733	1.68306352319679	0.623356860373995	0.623356860373995	0.623356860373995	0.801458820226419	0	1.60291764045284	2.00364705056605	0	1.4025529338935	2.10382940084025	1.40255293564669
2.05906707563368	0	1.90067730115514	2.8510159517327	0.686355692026602	0.686355692026602	0.686355692026602	1.64725366050694	0	2.05906707563368	2.74542276711501	0	2.47088048754827	2.47088048754827	2.05906707563368
2.08890862766334	0	2.08890862808113	3.13336294212169	0.759603137414991	0.759603137414991	0.759603137414991	1.67112690213067	0	2.08890862766334	2.78521150317976	0	2.50669035018799	2.50669035018799	2.32100958598314
2.47088049001915	0	1.54430030718855	3.60336738343994	1.0295335381257	0.514766769062849	0	1.0295335381257	0	1.76491463653478	2.74542276742005	0	2.05906707007419	2.05906707007419	2.35321951537971
1.81038747585992	0	0	1.50865623139192	0	0.301731246278385	0	0.301731246278385	0	1.44830998184658	1.08623248638494	0	1.81038746861837	1.81038746861837	1.20692498511354
1.94964805092607	0	0	1.62470671072977	0	0.324941342145953	0	0.324941342145953	0	1.55971844198863	1.16978883149147	0	1.94964804312748	1.94964804312748	1.29976536858381
1.15387333626237	0	0	1.15387333741624	0.28846833435406	0.28846833435406	0	0.34616200115564	0	1.03848600346692	1.15387333626237	0	1.73080999747031	1.73080999747031	1.15387333741624
0.941666745999269	0	0.282500023988114	1.13000009595246	0.565000047976228	0.565000047976228	0.282500023988114	0.353125029896862	0	0.470833372999635	1.41250011782182	0	1.41250011429057	1.41250011429057	0.847500071964343
1.25334517590867	0	0.716197243913529	2.14859173174059	0.716197243913529	0.716197243913529	0.358098621956765	0.417781725546595	0	0.501338070538935	1.880017763863	0	2.50669033865721	2.50669033865721	1.25334517663978
0.497359196789154	0	0.142102627760621	0.852615766563725	0.426307883281862	0.284205255521242	0.284205255521242	0.165786399026427	0	0.397887357570583	0.795774715141167	0	0.497359195918775	0.497359195918775	0.710513138803104
0.722828699715063	0	0.788540399864391	1.57708079972878	0.86739443976409	0.216848609941023	0.481885799810042	0.271060762351736	0	1.08424304940695	1.54891864170567	0	0.722828697948148	1.4456573958963	1.35530381175868
1.04445431377945	0	1.11408460164327	1.6711269024649	0.928403834599567	0.309467944866522	0.618935889733044	0.397887357559215	0	1.59154943023686	1.98943678779608	0	0.928403832536447	1.85680766507289	1.74075718963242
0.977310822179342	0	1.04246487725191	1.82431353519085	0.868720730946737	0.289573576982246	0.651540548119561	0.372308884573266	0	1.48923553829306	1.86154442286633	0	0.868720729016247	1.73744145803249	1.86154442286633
0.969850434223775	0	1.03450713009732	1.55176069514598	0.574726183323541	0.287363091661771	0.323283478074592	0.431044637253187	0	1.29313391175956	1.72417854901275	0	0.862089273069558	1.72417854613912	1.47786732807708
0.387940173592525	0	0.25862678252433	0.646566956310825	0.387940173786495	0.129313391262165	0.310352138967125	0	0	0.258626782265703	0.581910260388787	0	0.387940173010615	0.387940173010615	0.620704277934251
0.404518813557061	0	0.303389110268926	1.06186188594124	0.455083665403388	0	0.173365205843191	0	0	0.485422576139027	0.728133864208541	0	0.606778218717516	0	0.606778220335591
1.63133816669193	0	1.63133816669193	2.44700725003789	0	0.815669083345964	1.63133816669193	1.63133816669193	0	1.63133816669193	1.63133816669193	0	2.44700724881439	1.22350362440719	1.63133816669193
0.308362702086366	0	0.205575134827031	0.513937837067579	0.308362702240547	0.102787567413516	0.2466901617431	0	0	0.205575134621456	0.462544053129549	0	0.308362701623822	0.308362701623822	0.493380323486199
0.999691985546199	0	0.190417521199232	0.95208760599616	0.380835042398464	0.380835042398464	0.190417521199232	0.222153774695412	0	0.799753588716873	0.999691985546199	0	1.33292264506232	1.33292264506232	0.95208760599616
0.392203252507255	0	0.457570461389199	1.06766440990813	0.514766768998503	0.171588922999501	0.392203252507255	0	0	0.343177845612927	0.823626829841657	0	0.686355689681554	0.686355689681554	0.915140922320828
0.212206590647723	0	0.127323954473516	0.509295817894065	0.254647908947032	0	0.159154943052107	0	0	0.212206590647723	0.424413181295445	0	0	0	0.47746482915632
1.14061042536518	0	1.28318672867841	1.53982407441409	0.570305212682591	0.570305212682591	0.570305212682591	0.733249558930554	0	1.46649911786111	1.83312389732638	0	1.28318672675363	1.92478009013044	1.28318672835761
