0	0	0.181701893351134	0.181701893351134	0	0.194680600004239	0.194680600004239	0	0.363403786702267	0.194680600004239	0.209656030755365	0	0.194680600004239	0.419312061510729	0
0	0	0.189659640505198	0.189659640505198	0	0.203206757668658	0.203206757668658	0	0.379319281010396	0.203206757668658	0.218838046700855	0	0.203206757668658	0.43767609340171	0
0	0	0.184354475735822	0.184354475735822	0	0.197522652559045	0.197522652559045	0	0.368708951471644	0.197522652559045	0.212716702737195	0	0.197522652559045	0.42543340547439	0
0	0	0	0	0	0	0	0	0	0	0	0	0.454728408812333	0	0.303152272541555
0	0	0	0	0	0	0	0	0	0	0	0	0.249112084828657	0	0.119366207318922
0	0	0	0	0	0	0	0	0	0	0	0	0.426963741547413	0	0.274100179769375
0.477464828904324	0	0.613883351838184	0	0	0	0.306941675919092	0	0.306941675919092	0.88907244062827	0.859436692638939	0	0.920825027757277	0.554475285592588	0.277237642796294
0.505550995436023	0.286478897355327	0.495828861170905	0.413190717642421	0.330552574113937	0.343774677064743	0.515662015597114	0.429718346330929	0.515662015597114	0.626672588372115	0.268573966445192	0	0.373668127210493	0.537147932890384	0.467085159013116
0.153628729679139	0	0	0.178407557175592	0	0.0892037785877962	0.178407557175592	0.178407557175592	0.267611335763389	0.267611335763389	0.178407557175592	0	0.446018892938981	0.0921772378709835	0.356815114351185
0.143448863068262	0	0	0.160325200026394	0	0.0801626000131973	0.160325200026394	0.160325200026394	0.240487800039592	0.240487800039592	0.160325200026394	0	0.400813000065986	0.0825917697080641	0.320650400052789
0	0	0	0	0	0	0.235002220659127	0	0.235002220659127	0.235002220659127	0.235002220659127	0	0	0	0.470004441318253
0.420623777850962	0	0.238732414637843	0.318309886183791	0.0795774715459477	0.163575913728793	0.327151827457586	0.24536387059319	0.327151827457586	0.420623778147402	0.168249511258961	0	0.504748533776882	0.504748533776882	0.420623778147402
0	0	0	0	0	0	0	0	0	0	0	0	0.523374908993603	0	0.335993768749557
0	0	0	0	0	0	0	0	0.574726183259683	0.287363091629841	0.287363091629841	0	0.287363091629841	0.287363091629841	0.287363091629841
0.149207759027421	0	0.0823215222889114	0.0823215222889114	0	0	0.0852615766533275	0.0852615766533275	0.255784729959982	0.170523153306655	0.170523153306655	0	0.34104630661331	0.353677651289125	0.255784729959982
0.171944179418407	0	0.0859720897951756	0.0859720897951756	0	0	0.0891562412657689	0.0891562412657689	0.267468723797307	0.178312482531538	0.178312482531538	0	0.356624965063076	0.356624965063076	0.267468723797307
0	0	0	0	0	0	0	0	0.553063427133724	0.276531713566862	0.553063427133724	0	0.276531713566862	0.276531713566862	0.276531713566862
0	0	0.125648639276462	0.238732414637843	0.238732414637843	0.238732414637843	0.358098621956765	0.358098621956765	0.238732414637843	0.119366207318922	0.358098621956765	0	0.663145596142548	0.376945917829387	0.251297278552924
0.452044247735807	0	0.581199747457911	0	0	0	0.290599873728955	0	0.290599873728955	0.841737565317043	0.81367964650307	0	0.871799621186866	0.524954610665205	0.262477305332602
0	0	0.159154943081948	0.299585775231803	0.299585775231803	0.299585775231803	0.449378662847704	0.449378662847704	0.449378662847704	0.149792887615902	0.449378662847704	0	0.318309886163896	0.477464829245844	0.159154943081948
0	0	0.531179622516083	0.265589811258041	0.265589811258041	0.531179622516083	0.50588535480372	0.265589811258041	0.25294267740186	0.758828032205581	0.5591364447214	0	1.01177070960744	1.9569775565249	0.5591364447214
0	0	0.01326291191843	0.0119366207283112	0.0170523153166582	0.01326291191843	0.0183640318952187	0.0183640318952187	0.0183640318952187	0.00918201594760935	0.00918201594760935	0	0.0298415518272436	0	0.0183640318952187
0	0	0.0110524265986917	0.0099471839402593	0.0142102627638818	0.0110524265986917	0.0153033599126822	0.0153033599126822	0.0153033599126822	0.00765167995634112	0.00765167995634112	0	0.0248679598560363	0	0.0153033599126822
0	0	0	0	0	0	0	0	0	0.385227305385807	0.368478292126368	0	0	0	0.339000028785737
0	0	0	0.186700990934723	0.202259406829095	0.186700990934723	0.186700990934723	0.186700990934723	0.186700990934723	0.186700990934723	0.373401981869447	0	0.56010297280417	0.373401981869447	0
0	0	0	0	0	0	0	0	0	0	0	0	0.227880941210686	0.429718346311285	0.221178560594333
0	0	0	0	0	0	0	0	0	0	0	0	0.46100052478611	0	0.30733368319074
0.0751565008460511	0.067640850773471	0	0.067640850773471	0	0.0751565008460511	0.0422755317587847	0.0422755317587847	0.0422755317587847	0.0422755317587847	0.0422755317587847	0.0614916825302815	0.0422755317587847	0.0450939005396974	0.0422755317587847
0.0751565008460511	0.067640850773471	0	0.067640850773471	0	0.0751565008460511	0.0422755317587847	0.0422755317587847	0.0422755317587847	0.0422755317587847	0.0422755317587847	0.0614916825302815	0.0422755317587847	0.0450939005396974	0.0422755317587847
0	0	0.407834541672982	0	0	0	0.407834541672982	0	0.407834541672982	0.407834541672982	0.815669083345964	0	0.407834541672982	0.407834541672982	0.407834541672982
0	0	0.223612695026224	0	0	0	0.447225390052448	0.232929890641835	0	0.447225390052448	0.46585978128367	0	0.729171831538773	1.16464945320917	0.486114554359182
0.119366207256396	0	0	0.156668147106084	0	0.0783340735530422	0.156668147106084	0.156668147106084	0.235002220659127	0.235002220659127	0.156668147106084	0	0.404304895744595	0.0835563451176746	0.242582937446757
0	0	0.489813057568352	0	0	0.489813057568352	0.489813057568352	0.253653190516472	0.489813057568352	0.710228933500235	0.760959571549416	0	0.760959571549416	1.46943917270506	0.489813057568352
0	0	0.45692870754219	0	0	0.472159664443002	0.472159664443002	0.244220516081663	0.472159664443002	0.685393061313285	0.758828032079109	0	0.73266154824499	1.46532309648998	0.488441032163327
0	0	0.443893083425624	0	0	0.443893083425624	0.443893083425624	0.229106107566432	0.443893083425624	0.645662666822308	0.687318322699297	0	0.687318322699297	1.33167925027687	0.458212215132865
0.417781725261111	0.154733972287123	0.150551973195036	0.301103946390072	0.150551973195036	0.232100958669233	0.309467944892311	0.309467944892311	0.309467944892311	0.386834931115389	0.154733972446156	0	0.557042300789803	0.327671941630872	0.557042300789803
0	0	0	0	0	0	0	0	0	0.145892031155413	0.291784062310826	0	0.291784062310826	0.291784062310826	0.145892031155413
0	0	0	0	0	0	0	0	0	0.162772100874641	0.325544201749282	0	0.162772100874641	0.162772100874641	0
0	0	0.184644601929146	0	0	0.369289203858293	0	0	0.184644601929146	0.358098621935061	0.57180263821202	0	0.381201758808014	0.537147932902592	0.179049310967531
0	0	0	0	0	0	0	0	0	0	0	0	0.444042291208626	0	0.213481870781917
0	0	0	0.113000009595246	0	0	0	0	0	0	0	0	0.226000019190491	0.113000009595246	0.113000009595246
0	0	0	0	0	0	0	0	0	0	0	0	0.475254343919761	0	0.316836229279841
0.35809862184658	0	0.581910260643373	0	0	0	0.290955130321687	0	0.290955130321687	0.87286539096506	0.87286539096506	0	0.931056416963447	0.54768024534564	0.27384012267282
0	0	0	0	0	0	0	0	0.222455204548899	0.222455204548899	0.222455204548899	0	0.667365613646697	0	0.444910409097798
0	0	0	0	0	0	0	0	0.263600374495952	0.263600374495952	0.263600374495952	0	0.527200748991903	0	0.527200748991903
0.458517811957092	0.253391422354156	0.424803267223221	0.424803267223221	0.283202178148814	0.291784062326299	0.437676093489449	0.364730077907874	0.437676093489449	0.526579049962539	0.225676735698231	0	0.376127892830385	0.526579049962539	0.376127892830385
0.450939005147884	0.24920313438136	0.417781725616225	0.417781725616225	0.278521150410817	0.286961185263055	0.430441777894582	0.358701481578818	0.430441777894582	0.517875264012745	0.221946541719748	0	0.369910902866247	0.517875264012745	0.369910902866247
0.473675425575509	0.261767998299748	0.438846350437211	0.438846350437211	0.292564233624808	0.301429816452789	0.452144724679183	0.376787270565986	0.452144724679183	0.543986621862128	0.233137123655198	0	0.388561872758662	0.543986621862128	0.388561872758662
0	0	0.197078581863194	0	0	0.394157163726387	0.197078581863194	0	0.203435955464711	0.394157163726387	0.630651461917549	0	0.630651461917549	1.01717977732355	0.406871910929422
0.420623777830933	0	0.154966655115793	0.232449982673689	0.0774833275578964	0.159154943087594	0.238732414631391	0.238732414631391	0.318309886175188	0.397887357718985	0.238732414631391	0	0.557042300806578	0.327151827448499	0.397887357718985
0.443360198254226	0	0.163343231067998	0.245014846601997	0.0816716155339989	0.16775791298422	0.251636869476331	0.251636869476331	0.335515825968441	0.335515825968441	0.16775791298422	0	0.503273738952662	0.517253565019923	0.419394782460551
0.193517941992629	0	0	0.106434868187383	0	0.106434868187383	0.106434868187383	0.106434868187383	0.212869736374766	0.224073406697897	0.112036703348949	0	0.336110110046846	0.106434868187383	0.212869736374766
0	0	0	0	0	0	0	0	0	0	0	0	0.233758822632827	0.43634980228119	0.225698173585417
0	0	0	0	0	0	0	0	0	0	0	0	0.184022902950004	0	0.184022902950004
0	0	0.173365205851446	0.173365205851446	0	0.3640669322681	0.18203346613405	0	0.3640669322681	0.3640669322681	0.3832283497327	0	0.546100398402151	0.728133864536201	0.18203346613405
0.569607164390189	0.318309885921653	0.523671103076559	0.523671103076559	0.349114068717706	0.360751204329604	0.541126806494407	0.450939005412005	0.541126806494407	0.653084076780323	0.279893175762996	0	0.483148934334345	0.579778721201214	0.483148934334345
0	0	0.145892031167571	0.145892031167571	0	0.291784062335141	0.145892031167571	0	0.145892031167571	0.145892031167571	0.312625781051035	0	0.291784062335141	0.291784062335141	0
0	0	0	0.196954242056525	0.196954242056525	0.196954242056525	0	0	0.218838046702725	0	0.196954242056525	0	0.537147932935147	0.196954242056525	0.196954242056525
0.452596869153563	0.150865623051188	0.190567102912664	0.285850654368996	0.190567102912664	0.285850654368996	0.285850654368996	0.285850654368996	0.190567102912664	0.301731246261622	0	0	0.212986762053803	0.425973524107605	0.319480143080704
0.193517942027814	0	0.112036703360742	0.112036703360742	0	0	0	0	0.112036703360742	0.112036703360742	0.112036703360742	0	0.224073406721484	0.224073406721484	0
0.0511569459572828	0.0447623277222144	0	0.0447623277222144	0	0.0511569459572828	0.0298415518297304	0.0298415518297304	0.0298415518297304	0.0298415518297304	0.0298415518297304	0.0397887357597109	0.0298415518297304	0.0325544201749282	0.0298415518297304
0	0	0	0	0	0	0	0	0	0	0	0	0	0	0
0	0	0	0	0	0	0	0	0	0	0	0	0.573875996703512	0	0.368414220120128
0	0	0	0	0	0	0	0	0	0	0	0	0.396295808282968	0	0.190526830912894
0	0	0	0	0	0	0	0	0	0	0	0	0.503043302254632	0	0.335362201503088
0	0	0	0	0	0	0	0	0.187007058095576	0.187007058095576	0.374014116191151	0	0.374014116191151	0.374014116191151	0.374014116191151
0.184022902796652	0	0.10037612888182	0.10037612888182	0	0	0.105155944537852	0.105155944537852	0.315467833613556	0.210311889075704	0.210311889075704	0	0.420623778151408	0.420623778151408	0.315467833613556
0	0	0	0	0	0	0	0	0.114392615328234	0.114392615328234	0.228785230656469	0	0.228785230656469	0.228785230656469	0.228785230656469
0	0	0	0	0	0	0	0	0.11510312846966	0.230206256939319	0.345309385408979	0	0.345309385408979	0.345309385408979	0.230206256939319
0.406930251927647	0	0.235591198655766	0.314121598207688	0.078530399551922	0.161305685561751	0.322611371123501	0.241958528342626	0.322611371123501	0.414465997612118	0.165786399044847	0	0.497359197134542	0.497359197134542	0.414465997612118
0.165371932984072	0	0	0.230082689469805	0	0.115041344734903	0.115041344734903	0.115041344734903	0.230082689469805	0.230082689469805	0.115041344734903	0	0.575206723674513	0.12027049676284	0.345124034204708
0.164128534991711	0	0	0.228352744436198	0	0.114176372218099	0.114176372218099	0.114176372218099	0.228352744436198	0.228352744436198	0.114176372218099	0	0.570881861090494	0.119366207313496	0.342529116654296
0	0	0.789653371312176	0.394826685656088	0.394826685656088	0.855457818833785	0.789653371312176	0.427728909416892	0.394826685656088	1.28318672825068	1.0265493823268	0	0.855457818833785	2.3330667783548	0
0	0	0.691329283925796	0.345664641962898	0.345664641962898	0.737417902795804	0.691329283925796	0.368708951397902	0.345664641962898	1.10612685419371	0.850866810752425	0	0.737417902795804	1.97522652516719	0
0	0	0	0	0	0	0.208125694812479	0	0.21645072259632	0.208125694812479	0.208125694812479	0	0.21645072259632	0	0.416251389624957
0	0	0	0	0	0	0	0	0	0	0	0	0.287757821163872	0.259910290113141	0.268573966440716
0	0	0.690618770850844	0.460412513900563	0.230206256950281	0.966866279138234	0.483433139569117	0.254438494494661	0.483433139569117	0.508876988989323	0.568744869965892	0	0.763315483483984	1.34286983196485	0
0.104897576061996	0.104897576061996	0	0.0961561114032754	0	0.0961561114032754	0.0641040743009023	0.0641040743009023	0.0641040743009023	0.0641040743009023	0.0641040743009023	0.0961561114032754	0.0641040743009023	0.0641040743009023	0.0641040743009023
0.104897576061996	0.104897576061996	0	0.0961561114032754	0	0.0961561114032754	0.0641040743009023	0.0641040743009023	0.0641040743009023	0.0641040743009023	0.0641040743009023	0.0961561114032754	0.0641040743009023	0.0641040743009023	0.0641040743009023
0.106706154959617	0.106706154959617	0	0.097813975392987	0	0.097813975392987	0.0652093169612627	0.0652093169612627	0.0652093169612627	0.0652093169612627	0.0652093169612627	0.097813975392987	0.0652093169612627	0.0652093169612627	0.0652093169612627
0	0	0	0	0	0	0	0	0	0	0	0	0.160260185752256	0	0.160260185752256
0	0	0	0.131681768391509	0	0	0	0	0	0	0	0	0.263363536783017	0.131681768391509	0.131681768391509
0.591146931033785	0.172417854834223	0.335515825977509	0.419394782471886	0.167757912988755	0.258626782517146	0.431044637528576	0.344835710022861	0.431044637528576	0.532032238305363	0.177344079435121	0	0.532032238305363	0.620704278022923	0.532032238305363
0	0	0.303389110249964	0	0	0	0.285542692017812	0	0.285542692017812	0.285542692017812	0.571085384035624	0	0.285542692017812	0.285542692017812	0.285542692017812
0.387175005701513	0	0.943739076615223	0	0	0	0.629159384410149	0	0.629159384410149	0.943739076615223	1.2583187688203	0	0.943739076615223	0.629159384410149	0.629159384410149
0.395400561546227	0.175733582821567	0.439333957493253	0.351467165994602	0.263600374495952	0.287564044878532	0.38341872650471	0.287564044878532	0.38341872650471	0.527200748886463	0.210880299554585	0	0.316320449331878	0.287564044878532	0.210880299554585
0	0	0	0	0	0	0.164128535063517	0	0.164128535063517	0.164128535063517	0.164128535063517	0	0	0	0.164128535063517
0.541126806187768	0	0.737900190631706	0	0	0	0.368950095315853	0	0.368950095315853	1.10685028594756	1.05872636052179	0	1.15955744236102	0.676408508140555	0.338204254070278
0.426824619993676	0	1.0060866045452	0	0	0	0.67072440303013	0	0.67072440303013	0.67072440303013	1.0060866045452	0	1.0060866045452	0.67072440303013	0.67072440303013
0	0	0	0	0	0	0	0	0	0.259229642133687	0.259229642133687	0	0.534661136882503	0.754815722707603	0.518459284267375
0.237074550429984	0	0	0.129313391256287	0	0.129313391256287	0.129313391256287	0.129313391256287	0.258626782512574	0.270942343571113	0.135471171785557	0	0.406413515356669	0.129313391256287	0.387940173768861
0	0	0	0	0	0	0.146720963162841	0.146720963162841	0.146720963162841	0	0.146720963162841	0	0	0.146720963162841	0
0	0	0	0	0	0	0.159154943091895	0.159154943091895	0.159154943091895	0	0.159154943091895	0	0	0.159154943091895	0
0	0	0	0.0962887405705967	0	0	0	0	0	0	0	0	0.192577481141193	0.0962887405705967	0
0.139260575121852	0	0	0.0870378595033803	0	0.0870378595033803	0.0870378595033803	0.0870378595033803	0.17407571900676	0.17407571900676	0.0870378595033803	0	0.272466342781344	0.0949503921768739	0.181644228520896
0	0	0	0.197413342873601	0.213864454761912	0.197413342873601	0.197413342873601	0.197413342873601	0.197413342873601	0.197413342873601	0.592240028620803	0	0.592240028620803	0.394826685747202	0
0.152523487044998	0	0	0.105593183389385	0	0.105593183389385	0.105593183389385	0.105593183389385	0.21118636677877	0.21118636677877	0.105593183389385	0	0.316779550168155	0.0980508131548284	0.196101626309657
0	0	0	0	0	0	0	0	0.167996884365445	0.177879054022956	0.177879054022956	0	0.355758108045912	0	0.167996884365445
0	0	0	0	0	0	0.0348151438013521	0.0348151438013521	0.0348151438013521	0	0	0	0.0759603137414991	0	0.0696302876027042
0	0	0	0	0	0	0.0331572798108115	0.0331572798108115	0.0331572798108115	0	0	0	0.0723431559442849	0	0.0663145596216231
0	0	0	0	0	0	0.0331572798108115	0.0331572798108115	0.0331572798108115	0	0	0	0.0723431559442849	0	0.0663145596216231
0	0	0.173081000595128	0.157346364193124	0.157346364193124	0.157346364193124	0.314692728386248	0.314692728386248	0.157346364193124	0.157346364193124	0.314692728386248	0	0	0.346162001190256	0.173081000595128
0.0596831036221588	0.0530516476737199	0	0.0530516476737199	0	0.0596831036221588	0.0367280637904374	0.0367280637904374	0.0367280637904374	0.0367280637904374	0.0367280637904374	0.0530516476737199	0.0367280637904374	0.0397887357696581	0.0367280637904374
0	0	0	0.141647899351787	0.141647899351787	0.141647899351787	0	0	0.147549895151963	0	0.141647899351787	0	0.615860431910737	0	0.307930215955369
0	0	0	0.145155202721954	0.145155202721954	0.145155202721954	0	0	0.150738095128325	0	0.145155202721954	0	0.602952380513299	0	0.30147619025665
0	0	0	0.137669025774489	0.137669025774489	0.137669025774489	0	0	0.143405235175785	0	0.137669025774489	0	0.598560981576166	0	0.299280490788083
0	0	0	0	0	0	0	0	0	0.309073215335197	0.309073215335197	0	0	0	0
0	0	0	0	0	0	0	0	0	0.315467833583511	0.315467833583511	0	0	0	0
0	0	0	0	0	0	0	0	0	0	0	0	0.524799704573713	0	0.349866469715809
0	0	0.839542324557885	0.419771162278943	0.419771162278943	0.839542324557885	0.763220295142822	0.381610147571411	0.349809301974911	1.04942790592473	0.763220295142822	0	0.699618603949822	1.90805073785705	0
0.458813859037994	0.305875906025329	0.349572464291127	0.349572464291127	0.262179348218345	0.271889694438585	0.453149490730974	0.362519592584779	0.271889694438585	0.470578317278781	0.0941156634557561	0	0.19576057997954	0.39152115995908	0.48940144994885
0.397887357407639	0.146590079016998	0.146590079163588	0.293180158327176	0.146590079163588	0.225827959786451	0.301103946381934	0.301103946381934	0.301103946381934	0.376379932977418	0.150551973190967	0	0.541568903546501	0.397887357695634	0.541568903546501
0.451886355955998	0.301257570637332	0.351467165994602	0.351467165994602	0.263600374495952	0.275061260331643	0.458435433886071	0.366748347108857	0.275061260331643	0.479273408130887	0.0958546816261775	0	0.200838380539653	0.401676761079306	0.502095951349132
0	0	0	0	0	0	0	0	0	0	0	0	0.524713952984229	0	0.349809301989486
0.302394391713324	0	0	0.197213733831262	0	0.197213733831262	0.197213733831262	0.197213733831262	0.394427467662523	0.394427467662523	0.197213733831262	0	0.788854935325046	0.197213733831262	0.591641201493785
0.151418244376839	0	0	0.187967475893014	0	0.0939837379465072	0.187967475893014	0.187967475893014	0.281951213839521	0.281951213839521	0.187967475893014	0	0.469918689732536	0.0973403000125488	0.375934951786029
0	0	0.107761159380647	0.206901426019464	0.206901426019464	0.206901426019464	0.310352139029196	0.310352139029196	0.206901426019464	0.103450713009732	0.206901426019464	0	0.562232135873566	0.224892854349427	0.224892854349427
0	0	0	0	0	0	0.159154943091895	0	0.159154943091895	0.159154943091895	0.159154943091895	0	0	0	0.159154943091895
0.145477565106289	0	0	0.101201784466042	0	0.101201784466042	0.101201784466042	0.101201784466042	0.202403568932084	0.202403568932084	0.101201784466042	0	0.404807137864168	0.105801865573326	0.202403568932084
0.387940173484764	0.129313391161588	0.218216347754903	0.290955130339871	0.145477565169936	0.225255584771989	0.375425974619981	0.300340779695985	0.225255584771989	0.387940173760632	0.0775880347521264	0	0.240790452670156	0.401317421116927	0.481580905340313
0.128728262726765	0	0	0.0841684795197523	0	0.0841684795197523	0.0841684795197523	0.0841684795197523	0.168336959039505	0.168336959039505	0.0841684795197523	0	0.350140874788164	0.182365038944266	0.262605656091123
0	0	0.55185246564883	0.275926232824415	0.275926232824415	0.827778698473245	0.528858612938372	0.275926232824415	0.264429306469186	0.793287919407558	0.6044098432646	0	1.05771722587674	2.01927834011128	0.576936668603223
0.295928722108042	0	0.350730337554362	0.350730337554362	0.175365168777181	0.182109982953914	0.364219965907829	0.273164974430872	0.364219965907829	0.455274957384786	0.273164974430872	0	0.455274957384786	0.364219965907829	0.273164974430872
0	0	0.126695711270433	0.240721851426492	0.240721851426492	0.240721851426492	0.240721851426492	0.240721851426492	0.240721851426492	0.120360925713246	0.361082777139738	0	0.534937447554989	0.253391422540865	0.253391422540865
0	0	0	0.131523876575579	0.131523876575579	0.131523876575579	0	0	0.139260575189025	0	0.131523876575579	0	0.526095506302315	0	0.131523876575579
0	0	0	0.130556789246911	0.130556789246911	0.130556789246911	0	0	0.13926057518684	0	0.130556789246911	0	0.614384890612096	0.130556789246911	0.130556789246911
0.211732915212087	0	0	0.128880904998159	0	0.128880904998159	0.128880904998159	0.128880904998159	0.257761809996319	0.257761809996319	0.128880904998159	0	0.386642714994479	0.128880904998159	0.370532601885819
0.546190827031775	0.158107870939762	0.316215742195739	0.395269677744674	0.15810787109787	0.243571585198243	0.405952641997072	0.324762113597658	0.405952641997072	0.500674925115439	0.166891641705146	0	0.500674925115439	0.667566566820585	0.500674925115439
0	0	0.160481234284328	0.160481234284328	0	0.343888359156139	0.171944179578069	0	0.171944179578069	0	0.185170654914967	0	0.171944179578069	0.171944179578069	0
0	0	0	0	0	0	0.208890862808113	0	0.208890862808113	0.208890862808113	0.208890862808113	0	0	0	0.417781725616225
0	0	0	0	0	0	0	0	0	0	0	0	0.494971872936599	0.687460934693236	0.475934493229502
0	0	0	0	0	0	0	0	0	0	0	0	0	0	0
0.359519648131651	0	0.888225013232667	0	0	0	0.296075004410889	0	0.296075004410889	0.888225013232667	1.18430001764356	0	1.18430001764356	0.838879179213532	0.279626393071177
0	0	0.171091563812381	0.320796682169601	0.320796682169601	0.320796682169601	0.481195023254402	0.481195023254402	0.320796682169601	0.320796682169601	0.481195023254402	0	0.684366255249526	0.513274691437144	0.342183127624763
0	0	0.169765272620037	0.318309886183791	0.318309886183791	0.318309886183791	0.477464829275686	0.477464829275686	0.318309886183791	0.318309886183791	0.477464829275686	0	0.679061090480149	0.509295817860112	0.339530545240075
0.494764279289089	0.142244730260361	0.299462590291329	0.374328237864162	0.149731295145665	0.230667130353303	0.384445217255505	0.307556173804404	0.384445217255505	0.474149101268263	0.158049700422754	0	0.487696218432648	0.650261624576864	0.487696218432648
0.673695639394305	0.296426081286336	0.42346583072665	0.50815899687198	0.25407949843599	0.348736566470514	0.523104849705771	0.435920708088142	0.523104849705771	0.628782597101463	0.179652170600418	0	0.555798902776622	0.648432053239392	0.555798902776622
0.639461824329008	0	0.373019397825002	0	0	0	0.373019397825002	0	0.373019397825002	0.716197243856233	0.688651196044214	0	0.373019397825002	0.331572798108115	0.331572798108115
0	0	0.205782367800126	0	0	0.411564735600252	0	0	0.205782367800126	0.399093076959305	0.598639615438957	0	0.411564735600252	0.58103256794469	0.19367752264823
0	0	0	0	0	0	0	0	0	0	0	0	0.51476676896633	0.705965854654253	0.484486370825683
0	0	0	0	0	0	0	0	0	0	0	0	0.508549779018861	0.717952629251929	0.493139179671931
0	0	0	0	0	0	0	0	0	0	0	0	0.587407388617461	0	0.391604925744974
0	0	0	0.160685279083163	0.174075718992254	0.160685279083163	0.160685279083163	0.160685279083163	0.160685279083163	0.160685279083163	0.321370558166327	0	0.482055837249491	0.348151437984508	0
0	0	0	0.114591559026165	0	0	0	0	0	0	0	0	0.229183118052329	0.114591559026165	0.114591559026165
0	0	0.111905819342838	0.206595358805318	0.206595358805318	0.206595358805318	0.0959192737384191	0.0959192737384191	0.191838547476838	0.0959192737384191	0.287757821215257	0	0.413190717610637	0.198943678857501	0.298415518286251
0.5137427938523	0	0.646935370459063	0	0	0	0.323467685229532	0	0.323467685229532	0.935745803736849	0.903478707089648	0	0.970403055688595	0.58224183347785	0.291120916738925
0.0419992210656951	0.0314994158123961	0	0.0314994158123961	0	0.0343629990641636	0.0503990653124335	0.0503990653124335	0.0503990653124335	0.0251995326562168	0.0251995326562168	0.0472491236890634	0.0755985979686503	0.0269994992725894	0.0755985979686503
0.0419992210656951	0.0314994158123961	0	0.0314994158123961	0	0.0343629990641636	0.0503990653124335	0.0503990653124335	0.0503990653124335	0.0251995326562168	0.0251995326562168	0.0472491236890634	0.0755985979686503	0.0269994992725894	0.0755985979686503
0.0431044637181346	0	0.0738933663932981	0.0323283478034181	0.0431044637181346	0.0323283478034181	0.04702305136806	0.04702305136806	0.09404610273612	0.04702305136806	0.04702305136806	0	0.103450712999387	0.04702305136806	0.04702305136806
0.0431044637181346	0	0.0738933663932981	0.0323283478034181	0.0431044637181346	0.0323283478034181	0.04702305136806	0.04702305136806	0.09404610273612	0.04702305136806	0.04702305136806	0	0.103450712999387	0.04702305136806	0.04702305136806
0.0431044637181346	0	0.0738933663932981	0.0323283478034181	0.0431044637181346	0.0323283478034181	0.04702305136806	0.04702305136806	0.09404610273612	0.04702305136806	0.04702305136806	0	0.103450712999387	0.04702305136806	0.04702305136806
0	0	0	0	0	0	0	0	0	0	0	0	0	0	0.120161982034381
0	0	0	0	0	0	0	0	0	0	0	0	0	0	0.114775199345117
0	0	0	0	0	0	0	0	0	0	0	0	0.12175353146043	0	0.117070703332019
0.489401449738407	0.27188969425229	0.473614306458946	0.473614306458946	0.315742870972631	0.32626763332751	0.489401449991265	0.407834541659387	0.489401449991265	0.590656922382204	0.253138681020945	0	0.436965580317091	0.52435869638051	0.436965580317091
0.148213040650578	0	0	0.174368283240385	0	0.0871841416201927	0.174368283240385	0.174368283240385	0.261552424860578	0.261552424860578	0.174368283240385	0	0.435920708100963	0.179652170605862	0.261552424860578
0.039788735746448	0.02984155182227	0	0.02984155182227	0	0.0325544201660497	0.0477464829275686	0.0477464829275686	0.0477464829275686	0.0238732414637843	0.0238732414637843	0.0447623277054285	0.0716197243913529	0.0255784729950847	0.0716197243913529
0	0	0.117708343328381	0	0	0.235416686656762	0	0	0.117708343328381	0.117708343328381	0.235416686656762	0	0.235416686656762	0.235416686656762	0
0	0	0	0.191291998908528	0.207232998800303	0.191291998908528	0.191291998908528	0.191291998908528	0.191291998908528	0.191291998908528	0.573875996725584	0	0.573875996725584	0.382583997817056	0
0.445633840412208	0.247574355741922	0.431258555474813	0.431258555474813	0.287505703649875	0.297089227094968	0.445633840642452	0.37136153386871	0.445633840642452	0.537833945583796	0.230500262393055	0	0.384167103988426	0.519906147416194	0.384167103988426
0	0	0	0.0959192737384191	0	0	0.0959192737384191	0.0959192737384191	0.0959192737384191	0.0959192737384191	0.0959192737384191	0	0.191838547476838	0.0994718394287504	0.0959192737384191
0.149792887492543	0	0.0821444867571073	0.0821444867571073	0	0	0.0848826363128481	0.0848826363128481	0.254647908938544	0.169765272625696	0.169765272625696	0	0.339530545251392	0.351238495075132	0.254647908938544
0	0	0.186154442353117	0	0	0.386098102642994	0.193049051321497	0	0.386098102642994	0.579147153964492	0.625478926226053	0	0.625478926226053	1.20284408895177	0.200474014825295
0	0	0	0	0	0	0	0	0	0	0	0	0	0	0
0.152872510999007	0	0	0.165975869224405	0	0.0829879346122026	0.165975869224405	0.165975869224405	0.248963803836608	0.248963803836608	0.165975869224405	0	0.414939673061013	0.170857512431862	0.248963803836608
0	0	0	0	0	0	0	0	0	0	0	0	0.228200102193791	0.43104463750463	0.221680099281234
0.488517255716451	0	1.0991638257284	0	0	0	0.732775883818935	0	0.732775883818935	0.732775883818935	1.0991638257284	0	1.0991638257284	0.732775883818935	0.732775883818935
0	0	0	0	0	0	0	0	0	0	0	0	0.612899564479351	0	0.393466387088297
0	0	0	0	0	0	0	0	0	0	0	0	0	0	0.151370190440661
0.195883006822061	0	0.477464829245844	0	0	0	0.159154943081948	0	0.159154943081948	0.477464829245844	0.636619772327793	0	0.636619772327793	0.449378662847704	0.149792887615902
0	0	0	0	0	0	0	0	0	0	0.139260575170593	0	0.139260575170593	0.139260575170593	0.139260575170593
0	0	0	0	0	0	0	0	0	0	0.156312890492022	0	0.156312890492022	0.156312890492022	0.156312890492022
0	0	0	0	0	0	0	0	0	0	0	0	0.280579188419664	0.254274889533269	0.262477305315668
0	0	0	0	0	0	0	0	0	0	0	0	0.228387343309463	0.219603214730098	0.228387343309463
0	0	0.798835387380564	0.266278462460188	0.266278462460188	0.830788802839999	0.553859201893333	0.288468334305982	0.553859201893333	0.865405002917947	0.989034288884243	0	0.576936668611964	1.97806857776849	0.329678096294748
0.38197186313407	0.134025215122417	0.218269636240314	0.363782727067189	0.145513090826876	0.224689331417244	0.37448221902874	0.299585775222992	0.224689331417244	0.385830165047878	0.0771660330095755	0	0.318309886153949	0.397887357692436	0.477464829230924
0	0	0	0	0	0	0	0	0	0	0.166615331028501	0	0.166615331028501	0.166615331028501	0.166615331028501
0	0	0.168438981438922	0.168438981438922	0	0.360940674486195	0.180470337243098	0	0.180470337243098	0	0.194352670861164	0	0.180470337243098	0.180470337243098	0
0.396078778650931	0.264052519100621	0.363072213928386	0.363072213928386	0.27230416044629	0.290457771123345	0.38727702816446	0.290457771123345	0.290457771123345	0.414939673001736	0	0	0.207469836500868	0.484096285205575	0.414939673001736
0	0	0.234753541060546	0.234753541060546	0.234753541060546	0.234753541060546	0.469507082121091	0.469507082121091	0.469507082121091	0.234753541060546	0.234753541060546	0	0	0.234753541060546	0.234753541060546
0	0	0	0	0	0	0.179049310927225	0.167112690213067	0.156668147086501	0.313336294173002	0.470004441259503	0	0.470004441259503	0.470004441259503	0.313336294173002
0.40925556786289	0	1.07429586580315	0	0	0	0.716197243868767	0	0.716197243868767	1.07429586580315	1.43239448773753	0	1.07429586580315	0.674067994271557	0.674067994271557
0.233758822607781	0	0.601094115384491	0	0	0	0.200364705128164	0	0.200364705128164	0.601094115384491	0.801458820512654	0	0.801458820512654	0.561021174398931	0.187007058132977
0	0	0.232764104271897	0.232764104271897	0.232764104271897	0.232764104271897	0.465528208543794	0.465528208543794	0.465528208543794	0.232764104271897	0.232764104271897	0	0	0.232764104271897	0.232764104271897
0	0	0.308362702209711	0	0	0.308362702209711	0	0	0.154181351104855	0.308362702209711	0.462544053314566	0	0.34262522463558	0.146839382012316	0
0.417781725476965	0	0.626672588424338	0	0	0	0.626672588424338	0	0.626672588424338	0.626672588424338	0.940008882636507	0	0.626672588424338	0.626672588424338	0.626672588424338
0	0	0	0	0	0	0	0	0	0	0.101201784466042	0	0.221680099285456	0.105801865573326	0.105801865573326
0	0	0	0.12089654330554	0.12089654330554	0.12089654330554	0	0	0.125732405032539	0	0.12089654330554	0	0.628662025162694	0.125732405032539	0.251464810065077
0	0	0.57693666862158	0.28846833431079	0.28846833431079	0.607301756407011	0.57693666862158	0.303650878203505	0.28846833431079	0.910952634610516	0.678749021769995	0	0.910952634610516	2.24364259990835	0.320520371415478
0	0	0.161749860635274	0.161749860635274	0	0.338204254039532	0.169102127019766	0	0.177154609249599	0.177154609249599	0.3720246794029	0	0.531463827748799	0.531463827748799	0.177154609249599
0	0	0.143239448768382	0.130217680711551	0.130217680711551	0.130217680711551	0.260435361423101	0.260435361423101	0.130217680711551	0.130217680711551	0.260435361423101	0	0	0.286478897536764	0.143239448768382
0	0	0.766837452869995	0.383418726434997	0.383418726434997	0.766837452869995	0.702934331872049	0.351467165936024	0.324431230123907	1.05440149780807	0.766837452869995	0	0.702934331872049	1.91709363217499	0
0.261113578297986	0	0.309467944877984	0.309467944877984	0.154733972438992	0.160685279064623	0.298415518286646	0.223811638714984	0.298415518286646	0.38683493109748	0.232100958658488	0	0.321370558129246	0.298415518286646	0.232100958658488
0.461549334781877	0	0.692324002415128	0	0	0	0.346162001207564	0	0.346162001207564	1.03848600362269	1.03848600362269	0	1.09314316164769	0.65935619280928	0.32967809640464
0	0	0.169765272620037	0.318309886183791	0.318309886183791	0.318309886183791	0.477464829275686	0.477464829275686	0.477464829275686	0.159154943091895	0.477464829275686	0	0.339530545240075	0.509295817860112	0.169765272620037
0.282500023762114	0	0.353125029941002	0.264843772455752	0.188333349287743	0.188333349287743	0.332352969378231	0.249264727033673	0.332352969378231	0.353125029941002	0.176562514970501	0	0.282500023931614	0.249264727033673	0.176562514970501
0	0	0	0	0	0	0.0657379112770872	0.0657379112770872	0.0657379112770872	0	0	0	0.131475822554174	0.0687259981501945	0.131475822554174
0	0	0.122208259868314	0.233306677941528	0.233306677941528	0.233306677941528	0.349960016912293	0.349960016912293	0.233306677941528	0.233306677941528	0.349960016912293	0	0.611041299341572	0.384956018565026	0.256637345710018
0	0	0.559786351525991	0.373190901017328	0.186595450508664	0.579778721201214	0.579778721201214	0.200417335715658	0.386519147467476	0.601252007146975	0.649352167659089	0	0.601252007146975	1.51515505787121	0.216450722553029
0	0	0.247021734569961	0.456040125397931	0.456040125397931	0.456040125397931	0.684060188096896	0.684060188096896	0.456040125397931	0.456040125397931	0.684060188096896	0	0.741065203709882	0.741065203709882	0.247021734569961
0	0	0.106103295394597	0.106103295394597	0.106103295394597	0.106103295394597	0.212206590789194	0.212206590789194	0.212206590789194	0.106103295394597	0.212206590789194	0	0	0.212206590789194	0.106103295394597
0.174075718919723	0.174075718919723	0.11605047933784	0.11605047933784	0.11605047933784	0.11605047933784	0.11605047933784	0.11605047933784	0.11605047933784	0.11605047933784	0	0	0.126600522902499	0.379801568707496	0.253201045804997
0.415571240110806	0.233758822520122	0.431554749537639	0.359628957948033	0.287703166358426	0.299211293000795	0.448816939501192	0.374014116250994	0.448816939501192	0.545437252842397	0.233758822646741	0	0.311678430195655	0.448816939501192	0.389598037744569
0	0	0	0	0	0	0.225469502688466	0	0	0.21741702045822	0.225469502688466	0	0.468282813256033	0.86966808183288	0.450939005376932
0	0	0.536100860884689	0.268050430442345	0.268050430442345	0.536100860884689	0.5092958178686	0.268050430442345	0.2546479089343	0.7639437268029	0.536100860884689	0	1.0185916357372	1.87635301309641	0.536100860884689
0	0	0.233161991592321	0	0	0.233161991592321	0.448388445389853	0.233161991592321	0.224194222694926	0.647672198923209	0.48575414912719	0	0.699485974776962	1.39897194955392	0.48575414912719
0	0	0.232764104248621	0	0	0.232764104248621	0.465528208497241	0.240790452661853	0.232764104248621	0.675766754294168	0.498780223350711	0	0.72237135798556	1.44474271597112	0.498780223350711
0	0	0.227458939479421	0	0	0.227458939479421	0.454917878958842	0.235302351176683	0.227458939479421	0.660364663028204	0.470604702353366	0	0.705907053530048	1.36475363687653	0.470604702353366
0.290457771026526	0.145228885513263	0.103734918265253	0.207469836530506	0.103734918265253	0.207469836530506	0.207469836530506	0.207469836530506	0.207469836530506	0.207469836530506	0	0	0.223429054707974	0.446858109415948	0.335143582061961
0.490254065599051	0	0.807477284709472	0	0	0	0.807477284709472	0	0.807477284709472	1.21121592706421	1.52523487121259	0	0.762617435606297	0.722479675877683	1.08371951381652
0	0	0.289131479950276	0	0	0	0.289131479950276	0	0.309783728496026	0.289131479950276	0.578262959900553	0	0.289131479950276	0.289131479950276	0.289131479950276
0	0	0.361414349937846	0	0	0	0.361414349937846	0	0.361414349937846	0.361414349937846	0.722828699875691	0	0.361414349937846	0.361414349937846	0.361414349937846
0	0	0.763220295073438	0.381610147536719	0.381610147536719	0.839542324473931	0.763220295073438	0.381610147536719	0.34980930194576	1.14483044261016	0.839542324473931	0	0.763220295073438	2.09885581118483	0
0	0	0	0	0	0.225274459864599	0	0	0	0.437676093465197	0.437676093465197	0	0.675823379593797	0.851036848430216	0.437676093465197
0	0	0	0	0	0.218285425396922	0	0	0	0.424771638622983	0.424771638622983	0	0.654856276190766	0.827186875236709	0.424771638622983
0	0	0	0	0	0	0	0	0	0.142877732976974	0.285755465953947	0	0.285755465953947	0.285755465953947	0.142877732976974
0.0884194127600601	0.0795774714982012	0	0.0795774714982012	0	0.0884194127600601	0.0497359197162173	0.0497359197162173	0.0497359197162173	0.0497359197162173	0.0497359197162173	0.0663145595995182	0.0497359197162173	0.0530516476937617	0.0497359197162173
0.0972613540360661	0.0875352186480213	0	0.0875352186480213	0	0.0972613540360661	0.054709511687839	0.054709511687839	0.054709511687839	0.054709511687839	0.054709511687839	0.07294601555947	0.054709511687839	0.0583568124631378	0.054709511687839
0	0	0	0	0	0	0	0	0.562015892723003	0.281007946361502	0.281007946361502	0	0.281007946361502	0.281007946361502	0.281007946361502
0	0	0	0	0	0	0.210732933893103	0	0	0.210732933893103	0.218838046726105	0	0.455183137169991	0.842931735572414	0.437676093452211
0	0	0.363072213928386	0	0	0	0.363072213928386	0	0.363072213928386	0.363072213928386	0.726144427856772	0	0.363072213928386	0.363072213928386	0.363072213928386
0	0	0	0	0	0.224263783434079	0.224263783434079	0	0	0.224263783434079	0.231272026658729	0	0.477464829214078	0.925088106634915	0.477464829214078
0	0	0	0	0	0.231272026651501	0.231272026651501	0	0	0.231272026651501	0.231272026651501	0	0.477464829198675	0.897055133709132	0.462544053303003
0	0	0.164460107861625	0.164460107861625	0	0.352414516821167	0.176207258410584	0	0.176207258410584	0	0.189761662888066	0	0.176207258410584	0.176207258410584	0
0.374014115941809	0.143851583013231	0.359628957920369	0.287703166336295	0.215777374752221	0.224408469732643	0.346309366900094	0.277047493520075	0.346309366900094	0.431554749504443	0.215777374752221	0	0.224408469732643	0.277047493520075	0.215777374752221
0.477464828981862	0.318309885987908	0.394097954322788	0.394097954322788	0.295573465742091	0.310352139013678	0.517253565022797	0.413802852018238	0.310352139013678	0.544477436836013	0.108895487367203	0	0.229890473316645	0.43558194946881	0.574726183291612
0.58217202824928	0.29108601412464	0.335189955905658	0.502784933858488	0.251392466929244	0.345664642016908	0.518496963025362	0.432080802521135	0.345664642016908	0.535222671492247	0.0892037785820411	0	0.368708951459353	0.460886189324192	0.55306342718903
0	0	0	0	0	0	0	0	0	0	0	0	0	0	0
0	0	0	0	0	0	0	0	0	0	0	0	0	0	0
0	0	0	0	0	0	0	0	0	0	0	0	0	0	0
0	0	0	0	0	0	0	0	0	0	0	0	0	0	0
0	0	0	0	0	0	0	0	0	0	0	0	0	0	0.16180752547676
0	0	0.114176372213135	0.218838046751356	0.218838046751356	0.218838046751356	0.218838046751356	0.218838046751356	0.218838046751356	0.109419023375678	0.218838046751356	0	0.59683103654035	0.23873241461614	0.35809862192421
0	0	0.591525871746007	0.591525871746007	0.295762935873004	0.633777719676559	0.633777719676559	0.341264925947809	0.31688885983828	0.682529851895619	0.403313094206064	0	0.682529851895619	1.47881467894602	0
0	0	0.618051695549916	0.618051695549916	0.309025847774958	0.662198245175294	0.618051695549916	0.331099122587647	0.309025847774958	0.662198245175294	0.386282309602813	0	0.662198245175294	1.42627314331342	0
0.185680766841515	0	0	0.126600522908253	0	0.126600522908253	0.126600522908253	0.126600522908253	0.253201045816506	0.253201045816506	0.126600522908253	0	0.506402091633012	0.126600522908253	0.363288457057587
0	0	0.183470281609631	0.183470281609631	0	0.388525302208036	0.194262651104018	0	0.388525302208036	0.206404066783601	0.220164337885078	0	0.206404066783601	0.440328675770156	0
0	0	0.200048921514116	0.200048921514116	0	0.423633010238882	0.211816505119441	0	0.423633010238882	0.225055036673685	0.24005870576626	0	0.225055036673685	0.48011741153252	0
0	0	0	0	0	0	0	0	0.278521150331239	0.278521150331239	0.278521150331239	0	0.278521150331239	0.278521150331239	0.278521150331239
0	0	0	0	0	0	0	0	0.295573465657642	0.295573465657642	0.295573465657642	0	0.295573465657642	0.295573465657642	0.295573465657642
0	0	0.480525501202777	0.480525501202777	0.240262750601389	0.749619781842888	0.720788251804166	0.249873260614296	0.240262750601389	0.749619781842888	0.543202740411068	0	0.749619781842888	1.82199252522451	0.260284646460644
0	0	0	0	0	0	0	0	0	0	0	0	0	0	0
0	0	0.202794201668525	0	0	0.40558840333705	0.202794201668525	0	0.209554008383373	0.40558840333705	0.650340025992698	0	0.650340025992698	0.838216033533494	0.209554008383373
0	0	0	0	0	0	0	0	0	0	0	0	0.477464829201082	0.67406799421208	0.462996198029393
0	0	0	0	0	0	0	0	0	0.321862451831826	0.321862451831826	0	0	0	0
0	0	0	0	0	0	0	0	0	0	0	0	0.564276616365422	0	0.188092205455141
0.445633840389926	0	0.607682509931993	0	0	0	0.303841254965996	0	0.303841254965996	0.911523764897989	0.871892296900301	0	0.954929658414953	0.557042300821634	0.278521150410817
0	0	0	0	0	0	0	0	0	0	0	0	0	0	0
0	0	0.885299370616681	0.44264968530834	0.44264968530834	1.01177070907747	0.44264968530834	0.44264968530834	0.39346638700086	0.885299370616681	0.505885354538733	0	0.885299370616681	2.02354141815493	0
0	0	0	0	0	0	0	0	0	0	0	0	0.191206980210479	0.181143454947366	0.191206980210479
0	0	0	0	0	0	0	0	0	0	0	0	0	0	0
0	0	0	0	0	0	0	0	0	0	0	0	0	0	0
0	0	0	0	0	0	0	0	0	0	0	0	0	0	0
0	0	0	0	0	0	0	0	0	0	0	0	0	0	0
0	0	0	0	0	0	0	0	0	0	0	0	0	0	0.382966581814873
0	0	0	0	0	0	0	0	0	0	0	0	0	0	0.368045805838667
0	0	0	0	0	0	0	0	0	0	0	0	0	0	0.350638233911672
0	0	0	0	0	0	0	0	0	0	0	0	0	0	0.411813415126735
0	0	0	0	0	0	0	0	0	0	0	0	0	0	0
0	0	0	0	0	0	0	0	0	0	0	0	0	0	0.588304878844927
0	0	0	0	0	0	0	0	0	0	0	0	0	0	0
0	0	0	0	0	0	0	0	0	0	0	0	0	0	0
0	0	0	0	0	0	0	0	0	0	0	0	0	0	0.28846833435406
0	0	0	0	0	0	0	0	0	0	0	0	0	0	0.282500023988114
0	0	0	0	0	0	0	0	0	0	0	0	0	0	0.417781725546595
0	0	0	0	0	0	0	0	0	0	0	0	0	0	0.142102627760621
0	0	0	0	0	0	0	0	0	0	0	0	0	0	0.271060762351736
0	0	0	0	0	0	0	0	0	0	0	0	0	0	0.348151437926483
0	0	0	0	0	0	0	0	0	0	0	0	0	0	0
0	0	0	0	0	0	0	0	0	0	0	0	0	0	0.369466832019271
0	0	0	0	0	0	0	0	0	0	0	0	0	0	0
0	0	0	0	0	0	0	0	0	0	0	0	0	0	0
0	0	0	0	0	0	0	0	0	0	0	0	0	0	0
0	0	0	0	0	0	0	0	0	0	0	0	0	0	0
0	0	0	0	0	0	0	0	0	0	0	0	0	0	0.190417521199232
0	0	0	0	0	0	0	0	0	0	0	0	0	0	0
0	0	0	0	0	0	0	0	0	0	0	0	0	0	0
0	0	0	0	0	0	0	0	0	0	0	0	0	0	0.320796682089402
