0	0	0.181701893351134	0.181701893351134	0.181701893351134	0	0.194680600004239	0.194680600004239	0.363403786702267	0	0	0	0	0.209656030755365	0
0	0	0.189659640505198	0.189659640505198	0.189659640505198	0	0.203206757668658	0.203206757668658	0.379319281010396	0	0	0	0	0.218838046700855	0
0	0	0.184354475735822	0.184354475735822	0.184354475735822	0	0.197522652559045	0.197522652559045	0.368708951471644	0	0	0	0	0.212716702737195	0
0.212206590690164	0.212206590690164	0.636619772303919	0.454728408812333	0.151576136270778	0.454728408812333	1.06103295389544	1.06103295389544	1.75070437383578	1.06103295389544	0.909456817624666	0.397887357033435	0.757880681353888	0.606304545083111	0.909456817624666
0.204627783829131	0	0.409255567892123	0.520870722798851	0.260435361399426	0.390653042099138	0.83556345123245	0.83556345123245	0.83556345123245	0.716197243913529	0.596831036594607	0.23873241439911	0.373668127242986	0.716197243913529	0.596831036594607
0.231272026521411	0.231272026521411	0.616725404404004	0.740070485318108	0.296028194127243	0.444042291190865	1.23345080896219	1.23345080896219	1.37050089884688	1.0964007190775	0.822300539308126	0.308362701855094	0.711606235912355	0.959350629192814	0.959350629192814
0	0	0.306941675919092	0.920825027757277	0	0	0	0.306941675919092	1.84165005551455	0.296357480209423	0.859436692638939	0	0.613883351838184	0.554475285592588	0.277237642796294
0	0	0.495828861170905	0.495828861170905	0.247914430585452	0.687549354129486	0.515662015597114	0.773493023395672	0.773493023395672	0.447623277408654	0.268573966445192	0	0.56050219081574	0.447623277408654	0.56050219081574
0	0	0.178407557175592	0.356815114351185	0.178407557175592	0.802834007290166	0.713630228702369	0.356815114351185	0.446018892938981	0.535222671526777	0.356815114351185	0	0.446018892938981	0.27653171361295	0.535222671526777
0	0	0.240487800039592	0.320650400052789	0.240487800039592	0.721463400118776	0.721463400118776	0.480975600079184	0.480975600079184	0.561138200092381	0.400813000065986	0	0.480975600079184	0.247775309124192	0.561138200092381
0	0	0.235002220659127	0	0.235002220659127	1.17501110329563	0.470004441318253	1.17501110329563	0.70500666197738	0.470004441318253	0.235002220659127	0	0.235002220659127	0	0.235002220659127
0	0	0.397887357729738	0.477464829275686	0.159154943091895	0.572515698050776	0.736091611779569	0.736091611779569	0.654303654915172	0.504748533776882	0.420623778147402	0	0.504748533776882	0.252374266888441	0.420623778147402
0.266818580908872	0.266818580908872	0.755985979592005	0.907183175551229	0.362873270220491	0.544309905330737	1.34397507499823	1.34397507499823	1.91904133297654	1.17597819062345	0.839984421873892	0.348916605633399	0.872291514989338	1.00798130624867	1.00798130624867
0	0	0	0	0	0	0.646566956068362	0	0	0.287363091629841	0.287363091629841	0	0	0.287363091629841	0.574726183259683
0	0	0.411607611444557	0.411607611444557	0	0.596831036573292	0.511569459919965	0.426307883266637	0.426307883266637	0.34104630661331	0.255784729959982	0	0.34104630661331	0.353677651289125	0.34104630661331
0	0	0.429860448975878	0.429860448975878	0	0.624093688860382	0.356624965063076	0.445781206328844	0.445781206328844	0.267468723797307	0.267468723797307	0	0.356624965063076	0.356624965063076	0.356624965063076
0	0	0	0	0	0	0.614514918955535	0	0	0.276531713566862	0.276531713566862	0	0	0.553063427133724	0.829595140700586
0.159154943038844	0.159154943038844	0.376945917829387	0.716197243913529	0.238732414637843	0.358098621956765	0.954929658551372	1.07429586587029	0.835563451232451	0.954929658551372	0.716197243913529	0	0.397887357685529	0.628243196382311	0.879540474935235
0	0	0.290599873728955	0.871799621186866	0	0	0	0.290599873728955	1.74359924237373	0.280579188439014	0.81367964650307	0	0.581199747457911	0.524954610665205	0.262477305332602
0	0	0.318309886163896	0.599171550463606	0.299585775231803	0.299585775231803	0.599171550463606	0.898757325695409	0.449378662847704	0.748964438079508	0.449378662847704	0	0.318309886163896	0.477464829245844	0.795774715409741
0	0.758828030615655	0.265589811258041	0.265589811258041	0.531179622516083	0.265589811258041	0.50588535480372	0.531179622516083	1.51765606441116	1.01177070960744	0	0	0.25294267740186	1.3978411118035	0.8387046670821
0.0170523153166582	0	0.0397887357552899	0.0358098621849335	0	0.0397887357552899	0.0367280637904374	0.00918201594760935	0.027546047842828	0.00918201594760935	0.0183640318952187	0	0.0298415518272436	0.00994718394241453	0.00918201594760935
0.0142102627638818	0	0.033157279796075	0.0298415518207779	0	0.033157279796075	0.0306067198253645	0.00765167995634112	0.0229550398690234	0.00765167995634112	0.0153033599126822	0	0.0248679598560363	0.0082893199520121	0.00765167995634112
0	0	0.385227305385807	0.770454610771613	0	0.770454610771613	0	0	1.15568191615742	0.385227305385807	1.1054348763791	0	0.368478292126368	0.678000057571474	0.339000028785737
0	0	0.373401981869447	0.373401981869447	0	0.186700990934723	0.373401981869447	0.933504954673617	1.12020594560834	0.373401981869447	0.373401981869447	0	0.56010297280417	0.186700990934723	0.746803963738893
0	0	0.221178560594333	0.221178560594333	0	0	0	0.221178560594333	0.884714242377334	0.442357121188667	0.663535681783001	0	0.227880941210686	0.429718346311285	0.442357121188667
0.234544126513607	0.247574355741922	0.68559052395632	0.795774715374215	0.318309886149686	0.477464829224529	1.33690152192736	1.33690152192736	1.5366684159537	1.33690152192736	0.891267681284905	0.297089226787976	0.768334207976851	1.07566789116759	1.07566789116759
0.225469502538153	0	0.270563403093884	0.202922552320413	0	0.150313001692102	0.126826595276354	0	0.126826595276354	0.0422755317587847	0.169102127035139	0	0.126826595276354	0.0450939005396974	0.126826595276354
0.225469502538153	0	0.270563403093884	0.202922552320413	0	0.150313001692102	0.126826595276354	0	0.126826595276354	0.0422755317587847	0.169102127035139	0	0.126826595276354	0.0450939005396974	0.126826595276354
0	0	0.815669083345964	0.407834541672982	0.407834541672982	0	1.22350362501895	1.33473122717206	2.03917270836491	1.63133816669193	1.22350362501895	0	1.22350362501895	0.815669083345964	1.63133816669193
0	0	0.223612695026224	0.223612695026224	0.223612695026224	0.223612695026224	0.223612695026224	0.46585978128367	1.16464945320917	0.670838085078672	0.232929890641835	0	0	0.46585978128367	0.243057277179591
0	0	0.156668147106084	0.235002220659127	0.235002220659127	0.391670367765211	0.70500666197738	0.470004441318253	0.470004441318253	0.548338514871296	0.391670367765211	0	0.404304895744595	0.167112690235349	0.485165874893514
0	0	0.244906528784176	0.244906528784176	0.244906528784176	0.244906528784176	0.244906528784176	0.507306381032944	1.46943917270506	0.710228933500235	0.253653190516472	0	0	0.734719586352529	0.244906528784176
0	0	0.228464353771095	0.228464353771095	0.228464353771095	0.236079832221501	0.236079832221501	0.488441032163327	1.416478993329	0.685393061313285	0.252942677359703	0	0	0.73266154824499	0.244220516081663
0	0	0.221946541712812	0.443893083425624	0.221946541712812	0.221946541712812	0.221946541712812	0.458212215132865	1.33167925027687	0.645662666822308	0.229106107566432	0	0	0.665839625138437	0.229106107566432
0	0	0.301103946390072	0.37637993298759	0.225827959792554	0.464201917338467	0.6963028760077	0.541568903561545	0.541568903561545	0.618935889784623	0.386834931115389	0	0.557042300789803	0.327671941630872	0.636619772331203
0	0	0	0	0	0	0.159154943062958	0.145892031155413	0.291784062310826	0	0	0	0.291784062310826	0.291784062310826	0.291784062310826
0	0	0	0	0	0	0.162772100874641	0.162772100874641	0.325544201749282	0	0	0	0.325544201749282	0.325544201749282	0.325544201749282
0	0	0.184644601929146	0.369289203858293	0	0	0	0.184644601929146	0.923223009645731	0.179049310967531	0.57180263821202	0	0.190600879404007	0.358098621935061	0.179049310967531
0.370035242417298	0	0.723981996470331	0.693816079983413	0.231272026661138	0.693816079983413	1.49437309547342	1.33212687362588	2.22021145604313	1.49437309547342	1.06740935390959	0.462544052821186	0.888084582417253	1.06740935390959	1.2808912246915
0	0	0.113000009595246	0.226000019190491	0	0.79100006716672	0.452000038380983	0.678000057571474	0.339000028785737	0.226000019190491	0.226000019190491	0	0.339000028785737	0.113000009595246	0.113000009595246
0.237627171832266	0.251605240739731	0.684366255185651	0.792090573199602	0.316836229279841	0.475254343919761	1.3748429235349	1.52760324837212	1.74259926103912	1.3748429235349	0.91656194902327	0.329022237717718	0.792090573199602	1.10892680247944	0.950508687839522
0	0	0.290955130321687	0.581910260643373	0	0	0	0.290955130321687	1.45477565160843	0.290955130321687	0.581910260643373	0	0.620704277975631	0.54768024534564	0.27384012267282
0	0	0.222455204548899	0.444910409097798	0.444910409097798	1.77964163639119	0.889820818195597	0.889820818195597	0.889820818195597	1.11227602274449	0.889820818195597	0	0.889820818195597	0.444910409097798	0.444910409097798
0	0	0.263600374495952	0.263600374495952	0.527200748991903	1.58160224697571	0.790801123487855	0.790801123487855	0.790801123487855	1.05440149798381	0.790801123487855	0	0.527200748991903	0.263600374495952	0.263600374495952
0	0	0.424803267223221	0.495603811760424	0.21240163361161	0.583568124652599	0.583568124652599	0.729460155815749	0.656514140234174	0.526579049962539	0.300902314264308	0	0.451353471396462	0.376127892830385	0.451353471396462
0	0	0.417781725616225	0.48741201321893	0.208890862808113	0.57392237052611	0.57392237052611	0.717402963157637	0.645662666841873	0.517875264012745	0.295928722292997	0	0.443893083439496	0.369910902866247	0.443893083439496
0	0	0.438846350437211	0.511987408843413	0.219423175218606	0.602859632905577	0.602859632905577	0.753574541131972	0.678217087018774	0.543986621862128	0.31084949820693	0	0.466274247310395	0.388561872758662	0.466274247310395
0	0	0.197078581863194	0.197078581863194	0	0	0	0.203435955464711	0.813743821858845	0.197078581863194	0.210217153972516	0	0	0.406871910929422	0
0	0	0.464899965347378	0.387416637789482	0.154966655115793	0.716197243894172	0.636619772350375	0.557042300806578	0.477464829262782	0.557042300806578	0.477464829262782	0	0.397887357718985	0.245363870586374	0.318309886175188
0	0	0.490029693203993	0.490029693203993	0.0816716155339989	0.587152695444772	0.671031651936882	0.671031651936882	0.587152695444772	0.587152695444772	0.419394782460551	0	0.587152695444772	0.344835710013282	0.419394782460551
0	0	0.106434868187383	0.212869736374766	0.212869736374766	0.212869736374766	0.31930460456215	0.106434868187383	0.532174340936916	0.560183516744744	0.336110110046846	0	0.112036703348949	0.106434868187383	0.31930460456215
0	0	0	0.225698173585417	0	0	0	0.225698173585417	0.451396347170835	0.225698173585417	0.225698173585417	0	0	0	0.451396347170835
0	0	0.184022902950004	0.184022902950004	0	1.28816032065003	0.552068708850012	0.92011451475002	0.552068708850012	0.368045805900008	0.184022902950004	0	0.368045805900008	0.184022902950004	0.184022902950004
0	0	0	0	0	0	0	0	0.546100398402151	0	0.19161417486635	0	0	0.18203346613405	0
0	0	0.436392585897132	0.523671103076559	0.174557034358853	0.721502408659209	0.721502408659209	0.901878010824011	0.81169020974161	0.653084076780323	0.373190901017328	0	0.579778721201214	0.483148934334345	0.579778721201214
0	0	0	0	0	0	0	0	0	0	0	0	0	0	0
0	0.28136320280525	0.39390848411305	0.39390848411305	0	0	0.196954242056525	0.7878169682261	1.09419023351363	0.590862726169575	0.590862726169575	0	0.537147932935147	0	0.7878169682261
0	0	0.190567102912664	0.285850654368996	0.0952835514563321	0.190567102912664	0.47641775728166	0.47641775728166	0.47641775728166	0.402308328348829	0.100577082087207	0	0.319480143080704	0.212986762053803	0.425973524107605
0	0	0.336110110082226	0.336110110082226	0	0.448146813442968	0.224073406721484	0.112036703360742	0.112036703360742	0.224073406721484	0.224073406721484	0	0.224073406721484	0.336110110082226	0.224073406721484
0.153470837871848	0	0.134286983166643	0.134286983166643	0	0.102313891914566	0.0895246554891911	0	0.0895246554891911	0.0298415518297304	0.119366207318922	0	0.0895246554891911	0	0.0596831036594608
0	0	0	0.230774667437093	0	0	0	0.230774667437093	0.461549334874187	0.230774667437093	0.219785397571696	0	0	0	0.419590304476852
0.292564233452711	0.292564233452711	0.828931995166672	0.994718394244768	0.198943678848954	0.596831036546861	1.47365688048051	1.47365688048051	2.10421198791288	1.47365688048051	1.10524266036038	0.382583997405043	0.765167995604683	1.10524266036038	1.10524266036038
0.309606100039949	0	0.861512626624193	0.825616267220406	0.206404066805101	0.619212200415304	1.33368781639026	1.33368781639026	1.98147904141484	1.33368781639026	0.95263415456447	0.381053661444734	0.594443712424451	1.14316098547736	0.95263415456447
0.26083726768565	0.26083726768565	0.722318587795257	0.869457559419098	0.347783023767639	0.521674535651459	1.45709094451373	1.45709094451373	1.67681100751544	1.45709094451373	0.971393963009154	0.335362201155748	0.83840550375772	1.17376770526081	1.17376770526081
0	0	0	0	0	0	0.467517645098684	0	0	0.187007058095576	0.187007058095576	0	0	0.374014116191151	0.561021174286727
0	0	0.401504515527281	0.401504515527281	0	0.52577972268926	0.315467833613556	0.315467833613556	0.420623778151408	0.315467833613556	0.315467833613556	0	0.420623778151408	0.420623778151408	0.315467833613556
0	0	0	0	0	0	0.137271138361851	0	0	0.114392615328234	0.114392615328234	0	0	0.228785230656469	0.343177845984703
0	0	0	0	0	0	0.268573966378049	0.123957215264121	0.11510312846966	0.11510312846966	0.11510312846966	0	0.11510312846966	0.230206256939319	0.345309385408979
0	0	0.39265199775961	0.549712796863454	0.157060799103844	0.564569899466127	0.725875585027877	0.725875585027877	0.645222742247002	0.580252396656965	0.414465997612118	0	0.580252396656965	0.331572798089694	0.414465997612118
0	0	0.115041344734903	0.230082689469805	0.230082689469805	0.575206723674513	0.805289413144318	0.345124034204708	0.46016537893961	0.690248068409416	0.46016537893961	0	0.345124034204708	0.12027049676284	0.230082689469805
0	0	0.114176372218099	0.228352744436198	0.228352744436198	0.570881861090494	0.799234605526692	0.342529116654296	0.456705488872395	0.685058233308593	0.456705488872395	0	0.342529116654296	0.119366207313496	0.228352744436198
0	0.855457817693174	0.789653371312176	0.789653371312176	1.18448005696826	0.427728909416892	1.18448005696826	1.28318672825068	2.36896011393653	1.71091563766757	0	0	0.427728909416892	2.79968013402576	1.86645342268384
0	0.691329283104843	0.691329283925796	0.691329283925796	1.03699392588869	0.368708951397902	1.03699392588869	1.10612685419371	2.07398785177739	1.47483580559161	0	0	0.368708951397902	2.37027183020063	1.58018122013375
0	0	0.70581757361982	0.676408508084188	0.450939005389459	0.450939005389459	1.24875416887487	1.51515505817424	2.1645072259632	1.66500555849983	1.24875416887487	0.450939004900941	1.0822536129816	0.832502779249914	1.24875416887487
0	0	0.277835137686754	0.277835137686754	0	0	0	0.277835137686754	0.833505413060261	0.555670275373508	0.555670275373508	0	0.287757821163872	0.519820580226283	0.537147932881432
0	0.483433139013169	0.460412513900563	0.460412513900563	0.690618770850844	0.241716569784558	0.725149709353676	0.508876988989323	0.966866279138234	0.508876988989323	0	0	0.254438494494661	1.07429586557188	0.805721899178908
0.314692728185988	0	0.192312222806551	0.0961561114032754	0	0.192312222806551	0.128208148601804	0.128208148601804	0.192312222902707	0.0641040743009023	0.128208148601804	0	0.0641040743009023	0.0641040743009023	0.128208148601804
0.314692728185988	0	0.192312222806551	0.0961561114032754	0	0.192312222806551	0.128208148601804	0.128208148601804	0.192312222902707	0.0641040743009023	0.128208148601804	0	0.0641040743009023	0.0641040743009023	0.128208148601804
0.32011846487885	0	0.195627950785974	0.097813975392987	0	0.195627950785974	0.130418633922525	0.130418633922525	0.195627950883788	0.0652093169612627	0.130418633922525	0	0.0652093169612627	0.0652093169612627	0.130418633922525
0	0	0.160260185752256	0.320520371504511	0	1.12182130026579	0.480780557256767	0.801300928761279	0.480780557256767	0.320520371504511	0.160260185752256	0	0.320520371504511	0.160260185752256	0.160260185752256
0	0	0.131681768391509	0.263363536783017	0	0.92177237874056	0.395045305174526	0.658408841957543	0.395045305174526	0.263363536783017	0.131681768391509	0	0.263363536783017	0.131681768391509	0.131681768391509
0	0	0.419394782471886	0.587152695460641	0.167757912988755	0.603462492540007	0.775880347551438	0.862089275057153	0.775880347551438	0.620704278022923	0.443360198587802	0	0.709376317740483	0.443360198587802	0.532032238305363
0	0	0.606778220499927	0.571085384035624	0.571085384035624	0.571085384035624	1.14217076807125	1.51694555124982	2.2843415361425	1.99879884412468	1.14217076807125	1.21355643713164	1.14217076807125	1.14217076807125	1.14217076807125
0	0	0.314579692205074	0.943739076615223	0.314579692205074	0	0.629159384410149	1.00665501498913	2.20205784543552	0.943739076615223	1.2583187688203	0	0.943739076615223	0.314579692205074	1.2583187688203
0	0	0.439333957493253	0.351467165994602	0.175733582997301	0.479273408130887	0.38341872650471	0.479273408130887	0.575128089757065	0.316320449331878	0.210880299554585	0	0.316320449331878	0.191709363252355	0.105440149777293
0.262605655944064	0	0	0.202004350800789	0.202004350800789	0.404008701601578	0.328257070127034	0.820642675317585	0.820642675317585	0.492385605190551	0.492385605190551	0	0.328257070127034	0	0.328257070127034
0	0	0.368950095315853	1.10685028594756	0	0	0	0.368950095315853	1.84475047657926	0.368950095315853	0.705817573681196	0	0.773038294907343	0.676408508140555	0.338204254070278
0	0	0.335362201515065	0.67072440303013	0.335362201515065	0	0.67072440303013	1.08347788173456	2.01217320909039	1.0060866045452	1.0060866045452	0	1.0060866045452	0.335362201515065	1.0060866045452
0	0	0.267330568441252	0.267330568441252	0	0	0	0	0.801991705323755	0.259229642133687	0.518459284267375	0	0.267330568441252	0.503210481805069	0
0	0	0.129313391256287	0.258626782512574	0.258626782512574	0.387940173768861	0.517253565025148	0.258626782512574	0.646566956281435	0.677355858927783	0.541884687142226	0	0.270942343571113	0.129313391256287	0.387940173768861
0	0	0	0	0	0	0	0	0	0	0.146720963162841	0	0	0	0.146720963162841
0	0	0	0	0	0	0.159154943091895	0	0	0	0.159154943091895	0	0	0	0.159154943091895
0	0	0.192577481141193	0.192577481141193	0	0.57773244342358	0.385154962282387	0.385154962282387	0.28886622171179	0.28886622171179	0.192577481141193	0	0.28886622171179	0.28886622171179	0.192577481141193
0	0	0.0870378595033803	0.17407571900676	0.261113578510141	0.17407571900676	0.609265016523662	0.261113578510141	0.348151438013521	0.522227157020282	0.348151438013521	0	0.363288457041792	0.0949503921768739	0.272466342781344
0	0	0.197413342873601	0.394826685747202	0	0.197413342873601	0.394826685747202	0.789653371494404	0.789653371494404	0.394826685747202	0.197413342873601	0	0.592240028620803	0.394826685747202	0.789653371494404
0	0	0.105593183389385	0.105593183389385	0.21118636677877	0.21118636677877	0.316779550168155	0	0.316779550168155	0.316779550168155	0.21118636677877	0	0	0	0.196101626309657
0	0	0	0	0.33599376873089	0.33599376873089	0.167996884365445	0.167996884365445	0.503990653096336	0.533637162068868	0.533637162068868	0	0	0	0.33599376873089
0.0696302875330739	0	0.15666814702775	0.0928403834393255	0	0.104445431351834	0.104445431404056	0	0.0696302876027042	0	0.0696302876027042	0	0.0759603137414991	0.0379801568707495	0.0348151438013521
0.0663145595553085	0	0.149207759074048	0.0884194127993576	0	0.0994718393826987	0.0994718394324346	0	0.0663145596216231	0	0.0663145596216231	0	0.0723431559442849	0.0361715779721424	0.0331572798108115
0.0663145595553085	0	0.149207759074048	0.0884194127993576	0	0.0994718393826987	0.0994718394324346	0	0.0663145596216231	0	0.0663145596216231	0	0.0723431559442849	0.0361715779721424	0.0331572798108115
0	0	0.346162001190256	0.314692728386248	0.157346364193124	0.157346364193124	0.314692728386248	0.314692728386248	0.157346364193124	0.472039092579371	0.472039092579371	0	0	0.519243001785384	0.346162001190256
0.179049310866476	0	0.21220659069488	0.15915494302116	0	0.119366207244318	0.110184191371312	0	0.110184191371312	0.0367280637904374	0.146912255161749	0	0.110184191371312	0.0397887357696581	0.0734561275808748
0.221324842612672	0.236079832095591	0.615860431910737	0.849887396110721	0.283295798703574	0.42494369805536	1.13318319481429	1.41647899351787	1.47549895151963	1.13318319481429	0.991535295462508	0.295099789996531	0.769825539888422	0.923790647866106	0.923790647866106
0.230540615947175	0.244949404418658	0.627070475706819	0.870931216331726	0.290310405443909	0.435465608165863	1.16124162177563	1.45155202721954	1.65811904641157	1.30639682449759	1.01608641905368	0.326599205701028	0.753690475641624	0.904428570769949	0.904428570769949
0.215107852651642	0.22944837613785	0.598560981576166	0.826014154646937	0.275338051548979	0.413007077323468	1.10135220619591	1.37669025774489	1.43405235175785	1.10135220619591	0.963683180421426	0.286810470052808	0.748201226970208	0.897841472364249	0.897841472364249
0	0	0.309073215335197	0.618146430670394	0	0	0	0	0.927219646005591	0.309073215335197	0.927219646005591	0	0.320520371445156	0.596831036532866	0.309073215335197
0	0	0.315467833583511	0.630935667167023	0	0	0	0	1.26187133433405	0.315467833583511	1.26187133433405	0	0.32715182740609	0.609179264874926	0.315467833583511
0.298415518069104	0.298415518069104	0.585353516570041	0.939456261201943	0.375782504480777	0.563673756721166	1.74933234857904	1.57439911372114	1.99298935420035	1.57439911372114	1.04959940914743	0.390235677263089	1.04959940914743	1.04959940914743	1.39946587886324
0	0.83954232346648	0.839542324557885	0.839542324557885	1.25931348683683	0.419771162278943	0.763220295142822	0.763220295142822	1.74904650987455	1.39923720789964	0	0	0.349809301974911	2.28966088542846	1.52644059028564
0	0	0.349572464291127	0.349572464291127	0.174786232145564	0.543779388877169	0.634409287023364	0.725039185169559	0.634409287023364	0.470578317278781	0.188231326911512	0	0.48940144994885	0.39152115995908	0.68516202992839
0	0	0.293180158327176	0.366475197908969	0.219885118745382	0.451655919572902	0.677483879359352	0.526931906168385	0.526931906168385	0.602207892763869	0.376379932977418	0	0.541568903546501	0.318309886156507	0.61893588976743
0	0	0.351467165994602	0.263600374495952	0.175733582997301	0.458435433886071	0.458435433886071	0.733496694217713	0.550122520663285	0.38341872650471	0.191709363252355	0	0.401676761079306	0.301257570809479	0.502095951349132
0.279847441416684	0.279847441416684	0.547527603089181	0.699618603978972	0.349809301989486	0.524713952984229	1.39923720795794	1.57414185895269	1.82509201029727	1.2243325569632	0.699618603978972	0.419771161775217	0.874523254973716	0.874523254973716	0.874523254973716
0	0	0.394427467662523	0.197213733831262	0.394427467662523	1.38049613681883	0.986068669156308	0.788854935325046	0.986068669156308	0.986068669156308	0.788854935325046	0	0.591641201493785	0.197213733831262	0.197213733831262
0	0	0.187967475893014	0.375934951786029	0.187967475893014	0.845853641518564	0.751869903572057	0.375934951786029	0.469918689732536	0.563902427679043	0.375934951786029	0	0.375934951786029	0.292020900037647	0.563902427679043
0.152133401413308	0.161641738986783	0.43104463752259	0.724154991068124	0.206901426019464	0.310352139029196	0.931056417087588	1.03450713009732	0.827605704077856	0.827605704077856	0.51725356504866	0	0.449785708698853	0.562232135873566	0.787124990222993
0.254647908794244	0	0.18189136350761	0.18189136350761	0.18189136350761	0.545674090522831	0.318309886183791	0.795774715459477	0.795774715459477	0.477464829275686	0.477464829275686	0	0.318309886183791	0	0.318309886183791
0	0	0.101201784466042	0.202403568932084	0.303605353398126	0.303605353398126	0.809614275728337	0.404807137864168	0.506008922330211	0.708412491262295	0.506008922330211	0	0.404807137864168	0.105801865573326	0.303605353398126
0	0	0.290955130339871	0.290955130339871	0.145477565169936	0.375425974619981	0.60068155939197	0.60068155939197	0.525596364467974	0.310352139008506	0.155176069504253	0	0.401317421116927	0.240790452670156	0.481580905340313
0	0	0.168336959039505	0.252505438559257	0.252505438559257	0.252505438559257	0.589179356638266	0.420842397598762	0.420842397598762	0.589179356638266	0.336673918079009	0	0.350140874788164	0.0911825194721332	0.350140874788164
0	0.634630334563524	0.275926232824415	0.275926232824415	0.55185246564883	0.275926232824415	0.528858612938372	0.55185246564883	1.8510051452843	1.05771722587674	0.3022049216323	0	0.264429306469186	1.44234167150806	0.865405002904834
0	0	0.350730337554362	0.613778090720133	0.0876825843885905	0.728439931815658	0.455274957384786	0.546329948861743	0.637384940338701	0.364219965907829	0.273164974430872	0	0.455274957384786	0.364219965907829	0.364219965907829
0.185170654843748	0.185170654843748	0.380087133811298	0.601804628566229	0.240721851426492	0.240721851426492	0.962887405705967	0.842526479992721	0.722165554279475	0.842526479992721	0.722165554279475	0	0.534937447554989	0.633478556352164	0.760174267622596
0.197285814759245	0.197285814759245	0.394571629726736	0.526095506302315	0.131523876575579	0.131523876575579	0.789143259453473	0.789143259453473	1.25334517670122	0.657619382877894	0.526095506302315	0	0.657619382877894	0.263047753151158	0.789143259453473
0.189900784267429	0.189900784267429	0.391670367740732	0.391670367740732	0	0.130556789246911	0.391670367740732	0.652783946234553	0.835563451121042	0.522227156987642	0.391670367740732	0	0.368630934367258	0.130556789246911	0.652783946234553
0	0	0.128880904998159	0.257761809996319	0.257761809996319	0.515523619992638	0.773285429988957	0.257761809996319	0.515523619992638	0.644404524990798	0.515523619992638	0	0.257761809996319	0.128880904998159	0.247021734590546
0	0	0.395269677744674	0.632431484391479	0.15810787109787	0.649524227195315	0.73071475559473	0.811905283994144	0.73071475559473	0.584120745968012	0.417229104262866	0	0.667566566820585	0.500674925115439	0.500674925115439
0	0	0	0	0	0	0	0	0	0	0	0	0	0	0
0.382966581495734	0	0.540658703579627	0.765933163459539	0.510622108973026	0.765933163459539	0.83556345123245	1.6711269024649	1.6711269024649	1.25334517684867	1.25334517684867	0.417781725198443	0.83556345123245	0.83556345123245	1.25334517684867
0	0	0	0.237967246614751	0	0	0	0	0.237967246614751	0	0	0	0	0	0.237967246614751
0.166389258596224	0	0.244037579375035	0.122018789687517	0	0.366056369062552	0.215327275947858	0.430654551895717	0.430654551895717	0.215327275947858	0.215327275947858	0	0.107663637973929	0.107663637973929	0.107663637973929
0	0	0.592150008821778	0.592150008821778	0	0	0	0.296075004410889	1.48037502205444	0.296075004410889	0.592150008821778	0	0.592150008821778	0.559252786142355	0.279626393071177
0	0.285152606151194	0.513274691437144	0.801991705424004	0.320796682169601	0.320796682169601	0.962390046508805	1.44358506976321	1.28318672867841	0.801991705424004	0.481195023254402	0	0.855457819061907	0.342183127624763	1.19764094668667
0	0.282942120832192	0.509295817860112	0.795774715459477	0.318309886183791	0.318309886183791	0.954929658551372	1.43239448782706	1.27323954473516	0.795774715459477	0.477464829275686	0	0.848826363100187	0.339530545240075	1.18835690834026
0	0	0.374328237864162	0.598925180582659	0.149731295145665	0.538223304157707	0.768890434511011	0.768890434511011	0.768890434511011	0.632198801691018	0.395124251056886	0	0.568978921504756	0.40641351536054	0.487696218432648
0	0	0.50815899687198	0.50815899687198	0.16938633229066	0.697473132941027	0.959025557793913	0.959025557793913	0.959025557793913	0.628782597101463	0.449130426501045	0	0.741065203702163	0.463165752313852	0.648432053239392
0	0	0.373019397825002	1.11905819347501	0	0	0	0.373019397825002	1.49207759130001	0.358098621928117	0.688651196044214	0	0.746038795650005	0.66314559621623	0.331572798108115
0	0	0.205782367800126	0.411564735600252	0	0	0	0.205782367800126	1.02891183900063	0.199546538479652	0.598639615438957	0	0.205782367800126	0.38735504529646	0.19367752264823
0	0	0.249583887992656	0.249583887992656	0	0	0	0	0.74875166397797	0.249583887992656	0.499167775985313	0	0.257383384483165	0.470643903102835	0.242243185412842
0	0	0.246569589835966	0.246569589835966	0	0	0	0	0.739708769507897	0.246569589835966	0.493139179671931	0	0.254274889509431	0.478635086167953	0.246569589835966
0.310020566024407	0.310020566024407	0.620041132393282	0.783209851489947	0.195802462872487	0.587407388617461	1.56641970297989	1.44676264225099	2.06680377464427	1.56641970297989	1.17481477723492	0.413360754469565	0.979012314362435	0.979012314362435	1.17481477723492
0	0	0.321370558166327	0.321370558166327	0	0.160685279083163	0.321370558166327	0.803426395415818	0.964111674498981	0.321370558166327	0.321370558166327	0	0.482055837249491	0	0.696302875969017
0	0	0.114591559026165	0.343774677078494	0	0.687549354156988	0.458366236104659	0.572957795130823	0.343774677078494	0.343774677078494	0.229183118052329	0	0.458366236104659	0.229183118052329	0.114591559026165
0.157984686055171	0.157984686055171	0.55952909671419	0.723083755818614	0.309893038207977	0.413190717610637	0.863273463645772	0.959192737384191	0.863273463645772	0.863273463645772	0.767354189907352	0.223811638424562	0.516488397013296	0.696302876001253	0.696302876001253
0	0	0.323467685229532	0.970403055688595	0	0	0	0.323467685229532	1.61733842614766	0.311915267912283	0.602319138059765	0	0.646935370459063	0.58224183347785	0.291120916738925
0.125997663197085	0	0.137451996256654	0.0629988316247922	0	0.103088997192491	0.0755985979686503	0	0.0503990653124335	0	0.0503990653124335	0	0.0503990653124335	0.0269994992725894	0.0251995326562168
0.125997663197085	0	0.137451996256654	0.0629988316247922	0	0.103088997192491	0.0755985979686503	0	0.0503990653124335	0	0.0503990653124335	0	0.0503990653124335	0.0269994992725894	0.0251995326562168
0.0431044637181346	0	0.036946683196649	0.0969850434102543	0	0.0969850434102543	0.07053457705209	0.04702305136806	0.09404610273612	0.04702305136806	0.02351152568403	0	0.0517253564996935	0.02351152568403	0
0.0431044637181346	0	0.036946683196649	0.0969850434102543	0	0.0969850434102543	0.07053457705209	0.04702305136806	0.09404610273612	0.04702305136806	0.02351152568403	0	0.0517253564996935	0.02351152568403	0
0.0431044637181346	0	0.036946683196649	0.0969850434102543	0	0.0969850434102543	0.07053457705209	0.04702305136806	0.09404610273612	0.04702305136806	0.02351152568403	0	0.0517253564996935	0.02351152568403	0
0.462161468936393	0	0.500674924948547	0.474323613143823	0.158107871047941	0.316215742095882	0.600809910171905	0.720971892206286	0.961295856275048	0.720971892206286	0.720971892206286	0.187753096823109	0.500674925122393	0.480647928137524	0.480647928137524
0.426307882916456	0	0.471182397137939	0.447623277311669	0.14920775910389	0.447623277311669	0.573875996725584	0.803426395415818	0.918201594760935	0.688651196070701	0.688651196070701	0.175538540081952	0.477464829256588	0.459100797380467	0.459100797380467
0.434834040574785	0	0.480606045080697	0.456575742857902	0.152191914285967	0.304383828571935	0.585353516660096	0.702424219992115	0.936565626656153	0.702424219992115	0.702424219992115	0.190239892795631	0.487014125841719	0.468282813328077	0.468282813328077
0	0	0.473614306458946	0.473614306458946	0.236807153229473	0.65253526665502	0.65253526665502	0.815669083318775	0.734102174986897	0.590656922382204	0.33751824136126	0	0.52435869638051	0.436965580317091	0.52435869638051
0	0	0.261552424860578	0.348736566480771	0.174368283240385	0.784657274581734	0.697473132961541	0.523104849721156	0.523104849721156	0.610288991341349	0.435920708100963	0	0.435920708100963	0.269478255908793	0.435920708100963
0.119366207239344	0	0.130217680664199	0.05968310364454	0	0.0976632604981491	0.0716197243913529	0	0.0477464829275686	0	0.0477464829275686	0	0.0477464829275686	0.0255784729950847	0.0238732414637843
0	0	0	0	0	0	0	0	0	0	0	0	0	0	0
0	0	0.191291998908528	0.382583997817056	0	0.191291998908528	0.382583997817056	0.765167995634112	0.765167995634112	0.382583997817056	0.191291998908528	0	0.573875996725584	0.382583997817056	0.765167995634112
0	0	0.431258555474813	0.431258555474813	0.215629277737407	0.594178454189937	0.445633840642452	0.668450760963679	0.668450760963679	0.46100052478611	0.30733368319074	0	0.46100052478611	0.37136153386871	0.46100052478611
0	0	0.0959192737384191	0.287757821215257	0	0.575515642430514	0.575515642430514	0.383677094953676	0.287757821215257	0.479596368692095	0.287757821215257	0	0.479596368692095	0.298415518286251	0.287757821215257
0	0	0.410722433785536	0.410722433785536	0	0.679061090502785	0.594178454189937	0.594178454189937	0.509295817877089	0.339530545251392	0.339530545251392	0	0.42441318156424	0.351238495075132	0.339530545251392
0	0	0	0	0	0	0	0.200474014825295	0.772196205285989	0.193049051321497	0.208492975408684	0	0	0.400948029650591	0
0	0	0	0	0	0	0	0.172417854993231	0.344835709986462	0.184733416049221	0.184733416049221	0	0	0	0.344835709986462
0	0	0.248963803836608	0.414939673061013	0.248963803836608	0.580915542285418	0.746891411509823	0.497927607673215	0.497927607673215	0.580915542285418	0.414939673061013	0	0.497927607673215	0.256286268647794	0.580915542285418
0	0	0.221680099281234	0.221680099281234	0	0	0	0.221680099281234	0.886720397124935	0.443360198562467	0.665040297843701	0	0.228200102193791	0.43104463750463	0.443360198562467
0	0	0.732775883818935	0.732775883818935	0.366387941909467	0	1.0991638257284	1.19908780977652	2.1983276514568	1.46555176763787	1.0991638257284	0	1.46555176763787	0.732775883818935	1.46555176763787
0.312458601327495	0.312458601327495	0.663974528128504	0.84988739604273	0.212471849010683	0.637415547032048	1.57386554835319	1.37713235480904	2.24729840309095	1.57386554835319	1.18039916126489	0.442649684921022	1.02149927413225	0.983665967720742	1.37713235480904
0.290126198078652	0	0.614384890395254	0.580252396528021	0.19341746550934	0.580252396528021	0.756850952203307	1.05959133308463	1.21096152352529	0.908221142643968	0.908221142643968	0.232100958551893	0.633002614541265	0.605480761762645	0.605480761762645
0	0	0.318309886163896	0.318309886163896	0	0	0	0.159154943081948	0.795774715409741	0	0.159154943081948	0	0.159154943081948	0.149792887615902	0.149792887615902
0	0	0	0	0	0	0	0	0	0	0	0	0	0.278521150341187	0.139260575170593
0	0	0	0	0	0	0	0	0	0	0	0	0	0.312625780984044	0.156312890492022
0	0	0.271226548816275	0.271226548816275	0	0	0	0.271226548816275	0.813679646448824	0.542453097632549	0.542453097632549	0	0.280579188419664	0.508549779066538	0.524954610631337
0	0	0	0.237903482602922	0	0	0	0.237903482602922	0.475806965205844	0.237903482602922	0.237903482602922	0	0	0	0.456774686618927
0	0	0.532556924920376	0.532556924920376	0.532556924920376	0.276929600946666	0.553859201893333	0.865405002917947	1.93850720662666	0.865405002917947	0.329678096294748	0	0	0.989034288884243	0.659356192589495
0	0	0.291026181653751	0.363782727067189	0.145513090826876	0.37448221902874	0.599171550445983	0.599171550445983	0.524275106640235	0.385830165047878	0.154332066019151	0	0.477464829230924	0.318309886153949	0.477464829230924
0	0	0	0	0	0	0	0	0	0	0	0	0	0.333230662057002	0.166615331028501
0	0	0	0	0	0	0	0	0	0	0	0	0	0	0
0	0	0.453840267410483	0.27230416044629	0.181536106964193	0.38727702816446	0.19363851408223	0.484096285205575	0.484096285205575	0.207469836500868	0.103734918250434	0	0.311204754751302	0.38727702816446	0.207469836500868
0	0	0.234753541060546	0.234753541060546	0.234753541060546	0.234753541060546	0.704260623181637	0.234753541060546	0	0.469507082121091	0.234753541060546	0	0	0.234753541060546	0.469507082121091
0	0	0	0.167112690213067	0	0.179049310927225	0.537147932781676	0.334225380426135	0.313336294173002	0.156668147086501	0.156668147086501	0	0.156668147086501	0.313336294173002	0.626672588346004
0	0	0.716197243868767	0.716197243868767	0.358098621934383	0	0	0.716197243868767	2.1485917316063	0.716197243868767	1.07429586580315	0	1.07429586580315	0.674067994271557	0.674067994271557
0	0	0.400729410256327	0.400729410256327	0	0	0	0.200364705128164	1.00182352564082	0	0.200364705128164	0	0.200364705128164	0.187007058132977	0.187007058132977
0	0	0.232764104271897	0.232764104271897	0.232764104271897	0.232764104271897	0.698292312815691	0.232764104271897	0	0.465528208543794	0.232764104271897	0	0	0.232764104271897	0.465528208543794
0	0	0.154181351104855	0.154181351104855	0	0	0	0.154181351104855	0.770906755524277	0	0.308362702209711	0	0	0.146839382012316	0.146839382012316
0	0	0.626672588424338	0.626672588424338	0.313336294212169	0.313336294212169	1.25334517684867	2.00535228282419	1.88001776527301	1.25334517684867	0.940008882636507	0	1.25334517684867	0.626672588424338	1.25334517684867
0.166260074373045	0	0.245014846550415	0.221680099285456	0.221680099285456	0.332520148928184	0.708412491262295	0.607210706796253	0.708412491262295	0.607210706796253	0.607210706796253	0.21160373092543	0.332520148928184	0.529009327866629	0.529009327866629
0.174628340249627	0.184900595542113	0.502929620130155	0.604482716527699	0.24179308661108	0.24179308661108	0.846275803138779	1.2089654330554	1.25732405032539	0.967172346444319	0.846275803138779	0.261942510177983	0.628662025162694	0.628662025162694	0.880126835227771
0	0.721170834532955	0.57693666862158	0.57693666862158	0.86540500293237	0.303650878203505	0.86540500293237	0.910952634610516	2.01927834017553	1.21460351281402	0	0	0.303650878203505	1.92312222849287	1.28208148566191
0	0	0	0	0	0	0	0	0.354309218499199	0	0.18601233970145	0	0	0	0
0	0	0.286478897536764	0.260435361423101	0.130217680711551	0.130217680711551	0.260435361423101	0.260435361423101	0.130217680711551	0.390653042134652	0.390653042134652	0	0	0.429718346305146	0.286478897536764
0	0.843521196868707	0.766837452869995	0.766837452869995	1.15025617930499	0.383418726434997	1.05440149780807	1.05440149780807	1.94658738074344	1.4058686637441	0	0	0.351467165936024	2.30051235860998	1.53367490573999
0	0	0.38683493109748	0.464201917316976	0.154733972438992	0.482055837193869	0.373019397858308	0.447623277429969	0.52222715700163	0.232100958658488	0.154733972438992	0	0.241027918596934	0.149207759143323	0.232100958658488
0	0	0.346162001207564	1.03848600362269	0	0	0	0.346162001207564	1.73081000603782	0.346162001207564	0.692324002415128	0	0.728762107765125	0.65935619280928	0.32967809640464
0	0	0.339530545240075	0.636619772367581	0.318309886183791	0.318309886183791	0.636619772367581	0.954929658551372	0.477464829275686	0.795774715459477	0.477464829275686	0	0.339530545240075	0.509295817860112	0.848826363100187
0.141250011881057	0	0.353125029941002	0.353125029941002	0.188333349287743	0.470833373219357	0.332352969378231	0.332352969378231	0.498529454067347	0.264843772455752	0.176562514970501	0	0.188333349287743	0.0830882423445578	0
0.465222140987677	0	0.335993768656225	0.318309886116778	0	0.251995326492169	0.197213733831262	0	0.197213733831262	0.131475822554174	0.328689556385436	0	0.197213733831262	0.0687259981501945	0.131475822554174
0.171091563743945	0.183312389706451	0.366624779604943	0.583266694853821	0.233306677941528	0.349960016912293	0.816573372795349	1.04988005073688	1.04988005073688	0.699920033824585	0.466613355883057	0	0.611041299341572	0.513274691420035	1.15486805569508
0	0	0.373190901017328	0.373190901017328	0.373190901017328	0.193259573733738	0.386519147467476	0.601252007146975	1.15955744240243	0.400834671431316	0.216450722553029	0	0	0.649352167659089	0.216450722553029
0	0	0.494043469139921	0.684060188096896	0.228020062698965	0.456040125397931	0.912080250795862	1.36812037619379	0.912080250795862	0.912080250795862	0.228020062698965	0	0.741065203709882	0.494043469139921	0.988086938279843
0	0	0.106103295394597	0.106103295394597	0.106103295394597	0.106103295394597	0.106103295394597	0.106103295394597	0	0.106103295394597	0.106103295394597	0	0	0.106103295394597	0.106103295394597
0	0	0.11605047933784	0.232100958675681	0.11605047933784	0.11605047933784	0.232100958675681	0.348151438013521	0.348151438013521	0.348151438013521	0.11605047933784	0	0.379801568707496	0.253201045804997	0.379801568707496
0	0	0.431554749537639	0.431554749537639	0.21577737476882	0.59842258600159	0.448816939501192	0.673225409251788	0.673225409251788	0.467517645293483	0.311678430195655	0	0.467517645293483	0.374014116250994	0.467517645293483
0	0	0	0	0	0	0	0.225469502688466	0.901878010753865	0.43483404091644	0.225469502688466	0	0	0.21741702045822	0.450939005376932
0	0.727565452679248	0.268050430442345	0.268050430442345	0.536100860884689	0.268050430442345	0.5092958178686	0.536100860884689	1.5278874536058	1.0185916357372	0	0	0.2546479089343	1.34025215221172	0.804151291327034
0	0	0.233161991592321	0.233161991592321	0.233161991592321	0.233161991592321	0.224194222694926	0.466323983184642	1.34516533616956	0.647672198923209	0.242877074563595	0	0	0.932647966369283	0.242877074563595
0	0	0.232764104248621	0.232764104248621	0.232764104248621	0.232764104248621	0.232764104248621	0.481580905323707	1.39658462549172	0.675766754294168	0.249390111675356	0	0	0.72237135798556	0.249390111675356
0	0	0.227458939479421	0.227458939479421	0.227458939479421	0.227458939479421	0.227458939479421	0.470604702353366	1.36475363687653	0.660364663028204	0.235302351176683	0	0	0.682376818438263	0.235302351176683
0	0	0.207469836530506	0.207469836530506	0.103734918265253	0.103734918265253	0.31120475479576	0.31120475479576	0.414939673061013	0.31120475479576	0.103734918265253	0	0.335143582061961	0.223429054707974	0.335143582061961
0	0	0.807477284709472	0.807477284709472	0.403738642354736	0.807477284709472	0	1.21121592706421	2.01869321177368	0.807477284709472	1.14392615340945	0	1.14392615340945	0.722479675877683	0.722479675877683
0	0	0.578262959900553	0.578262959900553	0.289131479950276	0	0.86739443985083	1.2391349139841	1.54891864248013	1.44565739975138	0.86739443985083	0	0.86739443985083	0.86739443985083	1.15652591980111
0	0	0.722828699875691	0.361414349937846	0.361414349937846	0	1.08424304981354	1.18281059968906	1.80707174968923	1.80707174968923	1.08424304981354	0	1.08424304981354	0.722828699875691	1.44565739975138
0	0.839542323298571	0.763220295073438	0.763220295073438	1.14483044261016	0.419771162236965	1.14483044261016	1.14483044261016	2.09885581167456	1.52644059014688	0	0	0.381610147536719	2.51862697342179	1.67908464894786
0	0	0.225274459864599	0.225274459864599	0	0	0	0	0.675823379593797	0.218838046732598	0.437676093465197	0	0.225274459864599	0.425518424215108	0
0	0	0.218285425396922	0.436570850793844	0	0	0	0	0.873141701587688	0.212385819311491	0.637157457934474	0	0.218285425396922	0.413593437618355	0.212385819311491
0	0	0	0	0	0	0.142877732976974	0.130971255241791	0.142877732976974	0	0	0	0.142877732976974	0.285755465953947	0.142877732976974
0.26525823828018	0	0.238732414494604	0.238732414494604	0	0.17683882552012	0.149207759148652	0	0.149207759148652	0.0497359197162173	0.198943678864869	0	0.149207759148652	0	0.149207759148652
0.291784062108198	0	0.262605655944064	0.262605655944064	0	0.194522708072132	0.164128535063517	0	0.164128535063517	0.054709511687839	0.218838046751356	0	0.164128535063517	0	0.164128535063517
0	0	0	0	0	0	0.642303877294491	0	0	0.281007946361502	0.281007946361502	0	0	0	0.562015892723003
0	0	0	0	0	0	0	0.210732933893103	0.656514140178317	0.421465867786207	0	0	0	0.210732933893103	0.437676093452211
0	0	0.726144427856772	0.363072213928386	0.363072213928386	0	1.08921664178516	1.18823633638488	1.81536106964193	1.45228885571354	1.08921664178516	0	1.08921664178516	0.726144427856772	1.45228885571354
0	0	0	0.224263783434079	0	0	0	0.231272026658729	0.925088106634915	0.448527566868158	0.231272026658729	0	0	0.231272026658729	0.238732414607039
0	0	0	0.231272026651501	0	0	0	0.238732414599338	0.716197243798013	0.231272026651501	0.231272026651501	0	0	0.224263783427283	0.231272026651501
0	0	0	0	0	0	0	0	0	0	0	0	0	0	0
0	0	0.431554749504443	0.431554749504443	0.143851583168148	0.523619762709501	0.415571240280113	0.484833113660132	0.55409498704015	0.287703166336295	0.215777374752221	0	0.299211292976858	0.207785620140056	0.287703166336295
0	0	0.394097954322788	0.295573465742091	0.197048977161394	0.517253565022797	0.310352139013678	0.724154991031916	0.620704278027357	0.326686462101608	0.217790974734405	0	0.45978094663329	0.326686462101608	0.45978094663329
0	0	0.418987444882073	0.335189955905658	0.167594977952829	0.518496963025362	0.777745444538043	0.777745444538043	0.691329284033816	0.446018892910205	0.267611335746123	0	0.55306342718903	0.368708951459353	0.645240665053868
0	0	0	0	0	0	0	0.261279364856939	0.522558729713878	0.27994217660844	0.261279364856939	0	0	0	0.489898809143503
0	0	0	0	0	0	0	0.277194859162945	0.554389718325891	0.296994491934842	0.277194859162945	0	0	0	0.519740360969503
0	0	0	0	0	0	0	0.246469113219287	0.492938226438575	0.260967296331924	0.246469113219287	0	0	0	0.466994109286272
0	0	0	0	0	0	0	0.225859588318494	0.451719176636988	0.239975812570755	0.225859588318494	0	0	0	0.426623666851706
0	0	0.16180752547676	0.16180752547676	0	0.970845152860562	0.32361505095352	0.647230101907041	0.32361505095352	0.16180752547676	0	0	0.16180752547676	0.16180752547676	0.16180752547676
0.164128534981453	0.175070437296043	0.570881861065673	0.656514140254068	0.218838046751356	0.218838046751356	0.875352187005424	0.984771210381102	0.765933163629746	0.875352187005424	0.656514140254068	0	0.47746482923228	0.59683103654035	0.83556345115649
0	0.633777718906972	0.591525871746007	0.591525871746007	0.887288807619011	0.31688885983828	0.950666579514839	0.682529851895619	1.26755543935312	0.682529851895619	0	0	0.341264925947809	1.47881467894602	1.10911100920952
0	0.662198244323896	0.618051695549916	0.618051695549916	0.927077543324875	0.331099122587647	0.927077543324875	0.662198245175294	1.23610339109983	0.662198245175294	0	0	0.331099122587647	1.78284142914177	1.06970485748506
0	0	0.126600522908253	0.253201045816506	0.253201045816506	0.633002614541265	0.886203660357772	0.379801568724759	0.506402091633012	0.759603137449518	0.506402091633012	0	0.379801568724759	0.126600522908253	0.242192304705058
0	0	0.183470281609631	0.183470281609631	0.183470281609631	0	0.194262651104018	0.206404066783601	0.388525302208036	0	0	0	0	0.220164337885078	0
0	0	0.200048921514116	0.200048921514116	0.200048921514116	0	0.211816505119441	0.225055036673685	0.423633010238882	0	0	0	0	0.24005870576626	0
0	0	0	0	0	0	0.649882683966965	0	0	0.278521150331239	0.278521150331239	0	0	0.278521150331239	0.557042300662479
0	0	0	0	0	0	0.689671419720044	0	0	0.295573465657642	0.295573465657642	0	0	0.295573465657642	0.591146931315284
0	0.567893773284982	0.480525501202777	0.480525501202777	0.720788251804166	0.249873260614296	0.720788251804166	0.749619781842888	1.68183925420972	0.999493042457184	0	0	0.249873260614296	1.56170787876387	1.04113858584258
0	0	0	0	0	0	0	0	0	0	0	0	0	0	0
0	0	0.202794201668525	0.202794201668525	0	0	0	0.209554008383373	0.838216033533494	0.202794201668525	0.216780008664233	0	0	0.419108016766747	0
0	0	0.231498099014696	0.231498099014696	0	0	0	0	0.694494297044089	0.231498099014696	0.462996198029393	0	0.238732414600541	0.449378662808053	0.231498099014696
0	0	0.321862451831826	0.321862451831826	0	0	0	0.321862451831826	0.965587355495478	0.643724903663652	0.643724903663652	0	0.333783283367024	0.600809910131851	0.310763746608492
0.258626782395017	0.258626782395017	0.376184410910281	0.376184410910281	0	0.188092205455141	0.564276616365422	0.564276616365422	1.2414085558685	0.564276616365422	0.564276616365422	0	0.188092205455141	0.188092205455141	0.564276616365422
0	0	0.303841254965996	0.911523764897989	0	0	0	0.303841254965996	1.51920627482998	0.303841254965996	0.581261531266867	0	0.636619772276636	0.557042300821634	0.278521150410817
0	0	0	0	0	0	0	0.248679598534459	0.497359197068918	0.265258238415757	0.248679598534459	0	0	0	0.663145596179389
0	0.885299369399394	0.885299370616681	0.885299370616681	1.32794905592502	0.505885354538733	1.32794905592502	0.885299370616681	1.57386554800344	0.885299370616681	0	0	0.44264968530834	2.52942677269366	1.5176560636162
0	0	0	0	0	0	0	0.191206980210479	0.382413960420957	0.191206980210479	0.202454449620731	0	0	0	0.382413960420957
0	0	0	0	0	0	0.537147932935147	0.537147932935147	0	1.28915503878652	0.64457751939326	0	0	0	0
0	0	0	0	0	0	0.485990986941323	0.485990986941323	0	1.13397896934076	0.566989484670379	0	0	0	0
0	0	0	0.528621775269509	0	0.528621775269509	1.05724355053902	1.05724355053902	0	1.85017621313492	1.23345080875661	0	0	0	0.616725404378307
0	0	0.477464829275686	0.954929658551372	0	0.477464829275686	1.43239448782706	0.954929658551372	0	1.43239448782706	1.09134818104566	0	1.2732395426131	1.2732395426131	1.09134818104566
0	0	0.382966581814873	0.765933163629746	0	0.382966581814873	0.765933163629746	0.437676093440187	0	0.437676093440187	0.437676093440187	0	0.765933162863813	0.765933162863813	0.765933163629746
0	0	0.630935667257157	0.630935667257157	0	0.368045805838667	0.368045805838667	0	0	0.441654966903348	0	0	1.10413741687192	1.10413741687192	0.736091611677334
0	0	0.561021174398931	0.841531761598397	0	0.623356860373995	0.623356860373995	0.40072941011321	0	0.801458820226419	0.40072941011321	0	1.4025529338935	1.4025529338935	1.05191470173502
0	0	0.633559100385045	0.950338650577568	0	0.686355692026602	0.686355692026602	0.411813415126735	0	1.2354402453802	0.457570461185834	0	1.64725365836551	1.64725365836551	1.2354402453802
0	0	0.696302876027042	1.04445431404056	0	0.759603137414991	0.759603137414991	0.417781725532669	0	1.25334517659801	0.464201917196627	0	1.67112690012532	1.67112690012532	1.39260575158988
0	0	0	0.514766769062849	0	0.514766769062849	1.0295335381257	1.0295335381257	0	1.76491463653478	1.37271138371003	0	0	0	0.588304878844927
0.603462491953307	0	0.301731246278385	0.301731246278385	0.301731246278385	0	0.60346249255677	0.60346249255677	0	1.08623248638494	0.362077495461646	0	0	0	0.301731246278385
0.649882683642023	0	0.324941342145953	0.324941342145953	0.324941342145953	0	0.649882684291906	0.649882684291906	0	1.16978883149147	0.389929610497158	0	0	0	0.324941342145953
0.576936668131184	0	0.28846833435406	0.28846833435406	0.28846833435406	0	0.28846833435406	0.34616200115564	0	0.69232400231128	0	0	0	0	0.28846833435406
0.941666745999269	0	0.282500023988114	0.282500023988114	0.565000047976228	0.282500023988114	0.565000047976228	0.353125029896862	0	0.941666745999269	0	0	0	0	0.282500023988114
1.25334517590867	0	0.358098621956765	0.358098621956765	0.716197243913529	0.358098621956765	0.716197243913529	0.417781725546595	0	1.5040142116168	0	0	0	0	0.417781725546595
0.497359196789154	0	0	0.142102627760621	0.284205255521242	0.142102627760621	0.426307883281862	0.165786399026427	0	0.397887357570583	0.198943678785292	0	0.497359195918775	0.497359195918775	0.284205255521242
0	0	0.197135099966098	0.394270199932195	0	0.433697219882045	0.240942899905021	0.271060762351736	0	0.542121524703473	0.309783728341134	0	0.722828697948148	0.722828697948148	0.542121524703473
0	0	0.278521150410817	0.557042300821634	0	0.618935889733044	0.309467944866522	0.397887357559215	0	0.79577471511843	0.397887357559215	0	0.928403832536447	0.928403832536447	0.696302875852966
0	0	0.260616219312979	0.521232438625957	0	0.579147153964492	0.325770274059781	0.372308884573266	0	0.744617769146531	0.372308884573266	0	0.868720729016247	0.868720729016247	0.744617769146531
0	0	0.25862678252433	0.51725356504866	0	0.574726183323541	0.323283478074592	0.431044637253187	0	0.862089274506374	0.431044637253187	0	0.862089273069558	0.862089273069558	0.738933664038542
0.387940173592525	0	0	0.129313391262165	0.25862678252433	0.129313391262165	0.620704277934251	0.155176069483563	0	0.258626782265703	0.193970086796262	0	0.387940173010615	0.387940173010615	0.155176069483563
0.20225940677853	0	0.151694555134463	0.303389110268926	0.151694555134463	0.151694555134463	0.520095617529573	0.20225940677853	0	0.485422576139027	0.242711288069514	0	1.21355643743503	1.21355643743503	0.404518813557061
0	0	0.815669083345964	0.815669083345964	0	0	0.815669083345964	0	0	0	0	0	1.22350362440719	1.22350362440719	0.815669083345964
0.308362702086366	0	0	0.102787567413516	0.205575134827031	0.102787567413516	0.493380323486199	0.12334508087155	0	0.205575134621456	0.154181351043183	0	0.308362701623822	0.308362701623822	0.12334508087155
0.666461323697466	0	0.190417521199232	0.190417521199232	0.380835042398464	0.190417521199232	0.380835042398464	0.222153774695412	0	0.533169059144582	0	0	0	0	0.190417521199232
0.392203252507255	0	0	0.152523487129733	0.343177845999002	0.171588922999501	0.784406505014511	0.228785230580207	0	0.343177845612927	0.274542276613886	0	0.686355689681554	0.686355689681554	0.228785230580207
0.212206590647723	0	0	0.127323954473516	0.127323954473516	0	0.47746482915632	0.159154943052107	0	0.212206590647723	0.212206590647723	0	0.636619769821102	0.636619769821102	0.159154943052107
0	0	0.513274691471363	0.769912037207044	0	0.570305212682591	0.570305212682591	0.366624779465277	0	0.733249558930554	0.366624779465277	0	1.28318672675363	1.28318672675363	0.962390046268207
