0	0.389361199563494	0.181701893351134	1.45361514680907	1.45361514680907	1.16808360002543	0.778722400016956	1.36276420002967	0.726807573404535	1.55744480003391	1.25793618453219	0	1.94680600004239	1.25793618453219	1.25793618453219
0	0.406413514872844	0.189659640505198	1.51727712404158	1.51727712404158	1.21924054601195	0.812827030674633	1.42244730368061	0.758638562020792	1.62565406134927	1.31302828020513	0	2.03206757668658	1.31302828020513	1.31302828020513
0	0.39504530466661	0.184354475735822	1.47483580588657	1.47483580588657	1.18513591535427	0.790090610236182	1.38265856791332	0.737417902943287	1.58018122047236	1.27630021642317	0	1.97522652559045	1.27630021642317	1.27630021642317
0	0	0.31830988615196	0.151576136270778	0.909456817624666	0.757880681353888	0.909456817624666	0.454728408812333	0.636619772303919	1.06103295389544	1.21260909016622	0	1.364185226437	1.06103295389544	1.51576136270778
0	0	0.272837045261415	0.390653042099138	0.520870722798851	0.390653042099138	0.716197243913529	0.358098621956765	0.238732414637843	0.596831036594607	0.596831036594607	0	0.871892296900301	0.83556345123245	0.83556345123245
0	0	0.308362702202002	0.444042291190865	0.592056388254486	0.444042291190865	0.822300539308126	0.54820035953875	0.685250449423438	0.822300539308126	0.959350629192814	0	1.28089122464224	1.23345080896219	0.959350629192814
0	0.505550995257593	1.53470837959546	2.76247508327183	1.53470837959546	1.22776670367637	2.14859173143364	3.68330011102911	3.68330011102911	2.66721732188481	3.15126787300944	0.954929656110996	3.68330011102911	3.60408935635182	3.60408935635182
0.126387748859006	0	0.0826381435284841	1.07429586587029	1.15693400939878	1.37509870825897	1.8048170545899	1.46104237752516	1.71887338532372	1.79049310963461	1.52191914318942	0	1.68150657244722	1.88001776511634	1.49467250884197
0	0	0	0.981241564465758	0.0892037785877962	0.535222671526777	1.51646423599253	1.24885290022915	1.78407557175592	1.69487179316813	1.51646423599253	0.691329279388948	1.60566801458033	1.75136751954869	1.69487179316813
0	0	0	1.04211380017156	0.240487800039592	0.721463400118776	1.52308940025075	1.28260160021116	1.84373980030354	1.76357720029034	1.52308940025075	0.545105676928129	1.60325200026394	1.89961070328547	1.60325200026394
0	0	0	0.70500666197738	0.235002220659127	0	0.70500666197738	1.64501554461389	1.17501110329563	1.41001332395476	0.470004441318253	0	1.41001332395476	1.17501110329563	1.17501110329563
0	0	0	1.11408460164327	0.795774715459477	1.22681935296595	1.96291096474552	1.63575913728793	1.96291096474552	2.01899413510753	1.85074462384857	0	1.59837035696013	1.93486937947805	1.93486937947805
0	0	0.377992989796002	0.362873270220491	0.725746540440983	0.725746540440983	0.839984421873892	0.671987537499114	0.872291514989338	1.17597819062345	1.17597819062345	0	1.39566642398294	1.17597819062345	1.17597819062345
0.323283478034181	0	0	0	0	0.323283478034181	0.646566956068362	0.646566956068362	0.862089274889524	1.72417854977905	1.43681545814921	0	1.72417854977905	1.72417854977905	1.72417854977905
0	0	0	0.658572178311291	0.411607611444557	0.68209261322662	1.27892364979991	1.02313891983993	1.19366207314658	1.27892364979991	1.02313891983993	0	1.19366207314658	1.23787177951194	1.36418522645324
0	0	0	0.687776718361405	0.343888359180702	0.713249930126151	1.33734361898653	1.06987489518923	1.24818737772076	1.33734361898653	1.06987489518923	0	1.24818737772076	1.33734361898653	1.33734361898653
0.307257459477768	0	0	0	0	0.307257459477768	0.921772378433303	0.921772378433303	1.10612685426745	1.93572199496803	1.38265856783431	0	1.93572199496803	1.93572199496803	1.93572199496803
0	0	0.125648639276462	0.358098621956765	0.358098621956765	0.238732414637843	0.716197243913529	0.477464829275686	0.596831036594607	0.716197243913529	1.07429586587029	0	1.06103295382808	1.13083775348816	0.879540474935235
0	0.47863508578786	1.45299936864478	2.6153988635606	1.45299936864478	1.16239949491582	2.03419911610269	3.48719848474747	3.48719848474747	2.52521269595113	2.98349203717792	0.904088493864346	3.48719848474747	3.41220496932383	3.41220496932383
0.212206590700774	0	0	0.449378662847704	0.149792887615902	0.149792887615902	0.599171550463606	0.449378662847704	0.449378662847704	0.748964438079508	1.04855021331131	0	0.636619772327793	1.27323954465559	1.11408460157364
0	0.758828030615655	0.531179622516083	3.45266754635454	2.65589811258041	1.32794905629021	3.7941401610279	2.92148792383846	4.55296819323348	3.28825480622418	3.6343868906891	0	3.03531212882232	3.9139551130498	3.6343868906891
0.0170523153166582	0.01326291191843	0.01326291191843	0.0119366207283112	0.0341046306333165	0.01326291191843	0.027546047842828	0.0183640318952187	0.0550920956856561	0.0459100797380467	0.0459100797380467	0	0.0298415518272436	0.0397887357696581	0.027546047842828
0.0142102627638818	0.0110524265986917	0.0110524265986917	0.0099471839402593	0.0284205255277637	0.0110524265986917	0.0229550398690234	0.0153033599126822	0.0459100797380467	0.0382583997817056	0.0382583997817056	0	0.0248679598560363	0.0331572798080484	0.0229550398690234
0	0	0.770454610771613	1.54090922154323	1.92613652692903	0.770454610771613	2.69659113770065	3.46704574847226	3.85227305385806	4.23750035924387	3.31630462913731	1.05937508770426	3.68478292126368	2.7120002302859	3.72900031664311
0	0	0	0	0.202259406829095	0.373401981869447	0.933504954673617	1.12020594560834	0.56010297280417	0.746803963738893	1.49360792747779	0	1.30690693654306	1.86700990934723	1.68030891841251
0	0	0.663535681783001	1.990607045349	1.76942848475467	1.10589280297167	3.317678408915	3.53885696950934	4.86592833307534	3.76003553010367	4.42357121188667	0.835563448540079	3.87397600058167	4.0823242899572	4.20239265129234
0	0	0.34279526197816	0.477464829224529	0.636619772299372	0.636619772299372	0.891267681284905	0.445633840642452	0.614667366381481	1.03981229483239	1.18835690837987	0	1.5366684159537	1.22933473276296	1.38300157435833
0	0	0	0	0	0	0.0422755317587847	0	0.0422755317587847	0.0422755317587847	0.0422755317587847	0	0.0422755317587847	0	0
0	0	0	0	0	0	0.0422755317587847	0	0.0422755317587847	0.0422755317587847	0.0422755317587847	0	0.0422755317587847	0	0
0	1.39828985616573	0.815669083345964	0.815669083345964	1.22350362501895	1.63133816669193	2.03917270836491	2.22455204528676	2.85484179171087	2.85484179171087	2.85484179171087	0	3.67051087505684	3.26267633338385	2.44700725003789
0	0.698789670353227	0.670838085078672	2.90696503534091	2.01251425523601	1.11806347513112	2.68335234031469	3.02808857834385	4.42566792219486	3.35419042539336	3.95980814091119	2.79515865311193	3.64585915769387	4.19273803155303	3.88891643487346
0	0	0	0.940008882636507	0.313336294212169	0.70500666197738	1.56668147106084	1.09667702974259	1.80168369171997	1.72334961816693	1.56668147106084	0.501338068032245	1.53635860382946	1.67112690235349	1.53635860382946
0	2.13068679595524	1.22453264392088	4.40831751811517	2.44906528784176	1.95925223027341	3.18378487419429	4.31210423878002	5.1430371044677	4.2613736010014	4.5657574292965	0	4.5657574292965	4.89813057568352	4.89813057568352
0	1.93156225984928	1.14232176885547	4.34082272165081	2.97003659902424	2.12471848999351	3.30511765110101	4.15174877338828	4.95767647665151	3.88389401410862	4.30002551511495	0	4.39596928946994	4.88441032163327	4.88441032163327
0	1.63898984387459	1.33167925027687	3.77309120911781	2.44141195884093	1.55362579198968	3.10725158397937	4.12390993619578	4.43893083425624	3.65875511199308	4.12390993619578	2.36742975323936	4.35301604376222	4.21698429254343	4.35301604376222
0	0	0	1.12913979896277	0.677483879377663	1.23787177956925	1.85680766935387	1.54733972446156	2.01154164180002	1.93417465557695	1.77944068313079	0	1.75070437391081	2.12986762060067	1.90985931699361
0	0	0	0	0	0.318309886125916	0.79577471531479	0.875352186932478	0.875352186932478	0.583568124621652	1.1671362492433	0	1.31302828039872	1.31302828039872	1.02124421808789
0	0	0	0	0	0.325544201749282	0.813860504373205	0.813860504373205	0.813860504373205	0.651088403498564	1.13940470612249	0	1.30217680699713	1.30217680699713	0.976632605247845
0	0.738578406908765	0.923223009645731	2.58502442700805	1.10786761157488	1.10786761157488	2.21573522314976	3.13895823279549	3.13895823279549	2.68573966451296	2.6684123116561	0	3.24021494986812	2.86478897548049	2.86478897548049
0	0.370035242417298	0.723981996470331	0.693816079983413	1.15636013330569	1.38763215996683	1.2808912246915	0.888084582417253	1.33212687362588	1.70785496625534	2.13481870781917	0	1.99819031043882	1.70785496625534	1.70785496625534
0	0	0	0.678000057571474	0.113000009595246	0.226000019190491	0.79100006716672	1.13000009595246	1.2430001055477	1.2430001055477	0.79100006716672	0	1.13000009595246	1.13000009595246	1.2430001055477
0	0	0.342183127592826	0.475254343919761	0.633672458559682	0.633672458559682	0.91656194902327	0.611041299348847	0.633672458559682	1.06932227386048	1.22208259869769	0	1.74259926103912	1.42576303175928	1.5841811463992
0	0.387940173624853	1.16382052128675	2.03668591225181	0.581910260643373	0.581910260643373	1.16382052128675	2.03668591225181	1.74573078193012	1.45477565160843	1.16382052128675	0	1.55176069493908	1.3692006133641	1.3692006133641
0	0	0	0.444910409097798	0.222455204548899	0.222455204548899	0.889820818195597	2.22455204548899	2.00209684094009	2.00209684094009	1.33473122729339	0	2.44700725003789	2.44700725003789	1.55718643184229
0	0	0	0.527200748991903	0.263600374495952	0	0.790801123487855	2.10880299596761	2.10880299596761	2.10880299596761	1.31800187247976	0.753143925732594	2.89960411945547	2.63600374495952	1.58160224697571
0.114629452989273	0	0.0708005445372034	1.20360925713246	0.920407078983645	1.24008226488677	1.7507043739578	1.38597429604992	1.67775835837622	1.80541388558585	1.57973714988762	0	1.57973714988762	1.88063946415193	1.73018830701977
0.112734751286971	0	0.0696302876027042	1.18371488924597	0.905193738835155	1.21958503736798	1.72176711157833	1.36306562999951	1.65002681526257	1.77557233375798	1.55362579203824	0	1.55362579203824	1.84955451433123	1.70159015318474
0.118418856393877	0	0.0731410584062019	1.24339799290543	0.950833759280625	1.28107671992435	1.80857889871673	1.43179162815075	1.73322144460353	1.86509698924158	1.63195986558638	0	1.63195986558638	1.94280936379331	1.78738461468985
0	0.900930658715292	1.37955007304236	3.35033589167429	1.97078581863194	1.57662865490555	2.56202156422152	3.6618471983648	4.06871910929422	2.9561787279479	3.15325730958774	1.57662864317937	3.57369161753277	3.45841124290009	3.25497528743538
0	0	0	0.774833275578964	0.387416637789482	0.875352186981766	1.59154943087594	1.43239448778834	1.67112690241974	1.83028184550733	1.59154943087594	0	1.43239448778834	1.88112300782887	1.75070437396353
0	0	0	0.980059386407987	0.653372924271991	1.17430539088954	1.92921599931854	1.6775791298422	1.92921599931854	2.01309495581065	1.76145808633431	0	1.5937001733501	2.06901426007969	1.92921599931854
0	0	0	0.532174340936916	0.212869736374766	0.212869736374766	1.17078355006122	1.17078355006122	1.59652302281075	1.79258725358318	1.79258725358318	0.425739471408454	1.56851384688528	1.2772184182486	1.49008815462337
0	0	0.225698173585417	1.80558538868334	2.03128356226875	0.902792694341669	3.15977443019584	3.38547260378126	4.73966164529376	3.83686895095209	4.51396347170834	1.09087450104858	3.97389998475806	3.92714822053071	4.28826529812293
0	0	0	0.552068708850012	0.184022902950004	0.184022902950004	0.552068708850012	1.47218322360003	0.92011451475002	0.92011451475002	0.368045805900008	0	1.10413741770002	1.10413741770002	0.92011451475002
0	0.560102972373322	0.520095617554339	2.2537476760688	1.38692164681157	1.27423426293835	1.4562677290724	2.49098427326255	1.4562677290724	1.63830119520645	1.72452757379715	0	2.36643505974265	1.63830119520645	1.63830119520645
0.142401791097547	0	0.0872785171794265	1.3091777576914	1.22189924051197	1.44300481731842	2.25469502706003	1.71356822056562	2.07431942489522	2.23914540610396	1.95925223034097	0	1.93259573733738	2.12585531107112	2.02922552420425
0	0.486306770234365	0.437676093502712	1.31302828050814	1.021244218173	0.875352187005424	0.875352187005424	1.31302828050814	0.583568124670283	1.021244218173	0.937877343153106	0	1.45892031167571	0.875352187005424	0.875352187005424
0	0	0	0	0.196954242056525	0.39390848411305	0.590862726169575	0.7878169682261	0.437676093405451	0.590862726169575	0.590862726169575	0	0.895246554891911	1.18172545233915	0.7878169682261
0	0	0	1.14340261747599	0.857551963106989	1.04811906601965	1.52453682330131	1.23868616893232	1.52453682330131	1.60923331339532	1.30750206713369	0	1.38441395334972	1.70389409643042	1.49090733437662
0	0	0	0.56018351680371	0.112036703360742	0.224073406721484	0.784256923525195	0.896293626885937	0.896293626885937	1.12036703360742	0.784256923525195	0	1.00833033024668	1.00833033024668	1.00833033024668
0	0	0	0	0	0	0	0	0	0	0	0	0	0	0
0	0	0.230774667437093	0.461549334874187	1.15387333718547	0.461549334874187	2.07697200693384	2.53852134180803	3.00007067668221	2.76929600924512	3.29678096357544	1.53849777860616	3.07699556600374	2.20740986278727	3.14692728357639
0	0	0.414465997583336	0.397887357697907	0.795774715395815	0.795774715395815	1.10524266036038	0.736828440240256	0.956459994505854	1.28944977042045	1.47365688048051	0	1.53033599120937	1.28944977042045	1.28944977042045
0	0	0.430756313312096	0.412808133610203	0.825616267220406	0.825616267220406	1.14316098547736	0.762107323651576	0.792591616565935	1.14316098547736	1.33368781639026	0	1.38703532899039	1.14316098547736	1.33368781639026
0	0	0.361159293897629	0.521674535651459	0.695566047535279	0.695566047535279	0.971393963009154	0.485696981504577	0.670724403006176	1.13329295684401	1.29519195067887	0	1.5091299067639	1.34144880601235	1.34144880601235
0	0	0	0	0	0.233758822549342	0.935035290197368	0.831142480313962	1.12204234857345	1.12204234857345	1.12204234857345	0	1.68306352286018	1.49605646476461	1.30904940666903
0	0	0	0.702632902172743	0.401504515527281	0.736091611764964	1.26187133445422	0.946403500840668	1.26187133445422	1.36702727899208	1.05155944537852	0	1.05155944537852	1.15671538991637	1.26187133445422
0	0	0	0	0	0	0.549084553447405	0.374375831943606	0.686355691969406	0.571963076641172	0.80074830729764	0	1.02953353795411	1.02953353795411	1.02953353795411
0	0	0	0	0	0	0.671434915945122	0.495828861056483	0.805721899287617	0.690618770817958	1.03592815622694	0	1.1510312846966	1.1510312846966	1.26613441316626
0	0	0	1.09942559372691	0.78530399551922	1.20979264171313	1.93566822674101	1.6130568556175	1.93566822674101	1.98943678853817	1.82365038949332	0	1.57497079092605	1.90654358901574	1.90654358901574
0	0	0	0.920330757879221	0.115041344734903	0.46016537893961	1.38049613681883	1.26545479208393	1.84066151575844	1.95570286049334	1.72562017102354	0.881983637087695	1.72562017102354	1.68378695467977	1.84066151575844
0	0	0	0.913410977744791	0.114176372218099	0.456705488872395	1.37011646661719	1.25594009439909	1.82682195548958	1.94099832770768	1.71264558327148	0.875352181169743	1.71264558327148	1.67112690238894	1.82682195548958
0	0.855457817693174	0.789653371312176	3.94826685656088	3.55344017090479	1.71091563766757	3.55344017090479	2.13864454708446	2.76378679959262	3.42183127533514	3.07964814698039	0	3.42183127533514	3.73290684536768	3.26629348969672
0	0.691329283104843	0.691329283925796	3.80231106159188	3.45664641962898	1.47483580559161	3.45664641962898	2.94967161118321	3.45664641962898	3.68708951397902	3.4034672430097	0	3.68708951397902	3.55540774530094	3.55540774530094
0	0.6764085077178	0.941090098159761	0.676408508084188	1.12734751347365	1.35281701616838	1.66500555849983	1.29870433557792	1.73160578077056	2.08125694812479	2.08125694812479	0	2.1645072259632	1.66500555849983	1.87313125331231
0	0	0.555670275373508	2.22268110149403	1.94484596380728	0.833505413060261	3.33402165224105	3.6118567899278	5.00103247836157	4.16752706530131	4.72319734067482	0.895246552504587	4.31636731745808	3.89865435169712	4.29718346305146
0	1.45029941703951	0.460412513900563	3.22288759730394	2.5322688264531	1.93373255827647	1.93373255827647	2.54438494494661	1.45029941870735	2.54438494494661	2.27497947986357	0	3.05326193393594	2.41716569753673	2.41716569753673
0	0	0	0.0961561114032754	0	0	0.0641040743009023	0.128208148601804	0.128208148601804	0.0641040743009023	0.0641040743009023	0	0.0641040743009023	0.0641040743009023	0.0641040743009023
0	0	0	0.0961561114032754	0	0	0.0641040743009023	0.128208148601804	0.128208148601804	0.0641040743009023	0.0641040743009023	0	0.0641040743009023	0.0641040743009023	0.0641040743009023
0	0	0	0.097813975392987	0	0	0.0652093169612627	0.130418633922525	0.130418633922525	0.0652093169612627	0.0652093169612627	0	0.0652093169612627	0.0652093169612627	0.0652093169612627
0	0	0	0.641040743009023	0.160260185752256	0.320520371504511	0.480780557256767	1.4423416717703	0.961561114513534	0.961561114513534	0.320520371504511	0	1.12182130026579	1.12182130026579	0.961561114513534
0	0	0	0.658408841957543	0.131681768391509	0.263363536783017	0.526727073566035	1.18513591552358	1.05345414713207	1.05345414713207	0.526727073566035	0	1.05345414713207	1.18513591552358	1.05345414713207
0	0	0	1.25818434741566	0.92266852143815	1.37934284009144	2.15522318764288	1.81038747762002	2.15522318764288	2.03945691350389	1.86211283406877	0	1.77344079435121	2.12812895322145	2.03945691350389
0	0.97084515218097	0.910167330749891	0.856628076053437	1.14217076807125	1.71325615210687	1.99879884412468	1.51694555124982	1.99879884412468	2.56988422816031	2.56988422816031	0	2.85542692017812	2.56988422816031	2.2843415361425
0	1.16152501710454	0.943739076615223	1.57289846102537	0.943739076615223	1.57289846102537	1.88747815323045	2.01331002997826	2.51663753764059	2.83121722984567	2.51663753764059	0	3.14579692205074	2.83121722984567	2.51663753764059
0.131800187182076	0	0.0878667914986505	0.615067540490554	0.790801123487855	0.670982771383242	0.958546816261774	0.76683745300942	0.76683745300942	1.05440149777293	0.948961347995634	0	0.948961347995634	0.958546816261774	0.843521198218341
0	0	0	0.202004350800789	0.202004350800789	0	0.164128535063517	0.984771210381102	0.492385605190551	0.164128535063517	0.328257070127034	0	0.656514140254068	0.656514140254068	0.328257070127034
0	0.579778720849205	1.47580038126341	2.95160076252682	1.10685028594756	0.737900190631706	1.84475047657926	3.32055085784268	2.95160076252682	2.21370057189512	2.11745272104359	0	2.7056340321757	3.0438382866325	2.70563403256222
0	1.28047385998103	1.0060866045452	1.67681100757533	1.0060866045452	1.67681100757533	1.67681100757533	1.8057964695576	2.68289761212052	2.34753541060546	2.01217320909039	0	2.68289761212052	3.01825981363559	2.34753541060546
0	0	0.801991705323755	2.67330568441252	1.87131397908876	1.33665284220626	3.20796682129502	4.54461966350128	5.07928080038378	3.62921498987162	4.40690391627269	1.22208259367842	4.54461966350128	4.27728909534308	4.66613355840637
0	0	0	0.90519373879401	0.258626782512574	0.258626782512574	1.42244730381916	1.29313391256287	2.06901426010059	2.30300992035446	2.03206757678335	0.711223648563595	1.76112523321223	1.42244730381916	1.93970086884431
0.195627950818579	0	0	0.293441926325682	0	0	0	0	0.146720963162841	0.293441926325682	0.440162889488523	0	0	0.293441926325682	0.293441926325682
0.238732414518477	0	0	0.318309886183791	0	0.159154943091895	0	0.159154943091895	0.159154943091895	0.477464829275686	0.636619772367581	0	0.159154943091895	0.477464829275686	0.318309886183791
0	0	0	0.57773244342358	0.0962887405705967	0.28886622171179	0.770309924564773	1.05917614627656	1.05917614627656	1.05917614627656	0.770309924564773	0	1.15546488684716	0.962887405705967	1.05917614627656
0	0	0	0.696302876027042	0.435189297516901	0.522227157020282	1.21853003304732	0.957416454537183	1.56668147106084	1.65371933056423	1.47964361155746	0.522227154409146	1.45315382816717	1.61415666700686	1.36233171390672
0	0	0	0	0	0.394826685747202	1.1844800572416	1.1844800572416	0.789653371494404	0.987066714368005	1.77672008586241	0	1.57930674298881	1.97413342873601	1.57930674298881
0	0	0	0.42237273355754	0.105593183389385	0.21118636677877	0.739152283725695	0.633559100336309	1.05593183389385	1.16152501728323	1.16152501728323	0.686355687965664	1.16152501728323	0.980508131548284	1.07855894470311
0	0	0	0.671987537461781	0.503990653096336	0.33599376873089	1.67996884365445	1.67996884365445	2.35195638111623	2.66818581034434	2.49030675632138	0.755985976851555	2.31242770229843	1.67996884365445	2.01596261238534
0	0.0464201917196627	0	0	0.0696302875330739	0.0522227156759168	0.104445431404056	0.0348151438013521	0.17407571900676	0.139260575205408	0.139260575205408	0	0.0759603137414991	0.113940470612249	0.0696302876027042
0	0.0442097063996788	0	0	0.0663145595553085	0.0497359196913493	0.0994718394324346	0.0331572798108115	0.165786399054058	0.132629119243246	0.132629119243246	0	0.0723431559442849	0.108514733916427	0.0663145596216231
0	0.0442097063996788	0	0	0.0663145595553085	0.0497359196913493	0.0994718394324346	0.0331572798108115	0.165786399054058	0.132629119243246	0.132629119243246	0	0.0723431559442849	0.108514733916427	0.0663145596216231
0	0	0	0.472039092579371	0.157346364193124	0.157346364193124	0.157346364193124	0.157346364193124	0.314692728386248	0.314692728386248	0.786731820965619	0	0.519243001785384	0.692324002380512	0.519243001785384
0	0	0	0	0	0	0.0367280637904374	0	0.0367280637904374	0.0367280637904374	0.0367280637904374	0	0.0367280637904374	0	0
0	0	0.307930215955369	0.42494369805536	0.42494369805536	0.283295798703574	0.849887396110721	0.42494369805536	0.44264968545589	0.708239496758934	0.708239496758934	0	1.23172086382147	1.23172086382147	1.23172086382147
0	0	0.313535237853409	0.435465608165863	0.580620810887817	0.580620810887817	1.01608641905368	0.580620810887817	0.452214285384975	1.01608641905368	1.01608641905368	0	1.50738095128325	1.35664285615492	1.65811904641157
0	0	0.299280490788083	0.413007077323468	0.413007077323468	0.275338051548979	0.826014154646937	0.413007077323468	0.430215705527354	0.688345128872447	0.688345128872447	0	1.19712196315233	1.19712196315233	1.19712196315233
0	0	0.927219646005591	2.47258572268158	1.54536607667598	0.927219646005591	2.47258572268158	3.70887858402236	4.01795179935756	3.39980536868717	4.32702501469276	1.08175625058246	4.48728520023218	4.17781725573006	4.32702501469276
0	0	0.946403500750534	2.8392105022516	1.89280700150107	0.946403500750534	2.52374266866809	4.10108183658565	4.10108183658565	3.78561400300214	4.73201750375267	1.10413741438761	4.58012558368526	3.95966522168702	4.41654967016916
0	0	0.390235677713361	0.375782504480777	0.939456261201943	0.939456261201943	1.39946587886324	0.699732939431618	1.0870851022911	1.57439911372114	1.57439911372114	0	1.74933234857904	1.57439911372114	1.74933234857904
0	0.83954232346648	0.839542324557885	3.35816929823154	2.51862697367366	1.25931348683683	3.05288118057129	1.90805073785705	2.79847441579929	2.79847441579929	2.67127103299988	0	2.79847441579929	3.4344913281427	3.05288118057129
0	0	0	1.31089674109173	1.04871739287338	1.35944847219292	2.08448765736248	1.45007837033912	1.99385775921629	1.97642893257088	1.59996627874785	0	1.76184521981586	2.05548608978517	1.66396492982609
0	0	0	1.09942559372691	0.659655356236145	1.20441578552774	1.80662367829161	1.50551973190967	2.03245163807806	1.88189966488709	1.73134769169612	0	1.70207369686043	2.14859173155642	1.93417465552322
0	0	0	0.966534706485156	1.05440149798381	1.283619214881	1.83374173554428	1.283619214881	1.74205464876707	1.72538426927119	1.34196554276648	0	1.5062878540474	1.9079646151267	1.40586866377757
0	0	0.365018402059454	0.349809301989486	0.699618603978972	0.699618603978972	1.04942790596846	0.699618603978972	0.730036804118908	1.2243325569632	1.2243325569632	0	1.57414185895269	1.39923720795794	1.57414185895269
0	0	0	0.788854935325046	0.197213733831262	0.394427467662523	1.18328240298757	1.97213733831262	2.36656480597514	2.36656480597514	1.77492360448135	0.755985977544543	2.36656480597514	2.36656480597514	1.97213733831262
0	0	0	0.939837379465072	0.0939837379465072	0.563902427679043	1.59772354509062	1.12780485535809	1.78569102098364	1.78569102098364	1.59772354509062	0.681382095853539	1.59772354509062	1.75212540022588	1.78569102098364
0	0	0.107761159380647	0.206901426019464	0.310352139029196	0.206901426019464	0.724154991068124	0.51725356504866	0.413802852038928	0.620704278058392	0.724154991068124	0	1.01201784457242	1.12446427174713	0.899571417397707
0	0	0	0.18189136350761	0.18189136350761	0	0.318309886183791	1.11408460164327	0.636619772367581	0.477464829275686	0.318309886183791	0	0.795774715459477	0.795774715459477	0.477464829275686
0	0	0	0.708412491262295	0.202403568932084	0.506008922330211	1.21442141359251	1.11321962912646	1.61922855145667	1.72043033592272	1.61922855145667	0.581910257915669	1.51802676699063	1.58702798359989	1.51802676699063
0	0	0	1.30929808652942	0.872865391019613	1.20136311878394	2.0273002629479	1.35153350863193	1.9522150680239	1.86211283405103	1.55176069504253	0	1.52500620024432	1.84606013713787	1.60526968446771
0	0	0	0.757516315677771	0.505010877118514	0.589179356638266	1.34669567231604	1.01002175423703	1.59920111087529	1.68336959039505	1.51503263135554	0.437676091664473	1.57563393654674	1.73246786997053	1.4880987178497
0	1.26926066912705	0.827778698473245	4.41481972519064	3.03518856106857	1.93148362977091	4.49529820997616	3.86296725954181	5.02415682291454	3.70201029056861	4.2308689028522	0	3.70201029056861	4.32702501452417	4.03855668022256
0.147964361054021	0	0.0876825843885905	0.876825843885905	0.613778090720133	0.910549914769572	1.36582487215436	1.18371488920044	1.45687986363131	1.54793485510827	1.2747698806774	0	1.36582487215436	1.45687986363131	1.45687986363131
0	0	0.126695711270433	0.481443702852983	0.361082777139738	0.240721851426492	0.601804628566229	0.361082777139738	0.601804628566229	0.601804628566229	0.842526479992721	0	0.93614053322123	1.01356569016346	0.760174267622596
0	0	0.131523876575579	0	0.394571629726736	0.394571629726736	0.657619382877894	0.526095506302315	0.417781725567074	0.657619382877894	0.526095506302315	0	0.920667136029052	0.920667136029052	1.05219101260463
0	0	0.130556789246911	0	0.391670367740732	0.391670367740732	0.783340735481464	0.652783946234553	0.417781725560521	0.652783946234553	0.652783946234553	0	0.860138846856934	1.04445431397528	0.783340735481464
0	0	0	1.03104723998528	0.257761809996319	0.386642714994479	1.67545176497607	1.41768995497976	2.19097538496871	2.31985628996687	2.06209447997055	0.988086931445575	1.93321357497239	1.67545176497607	2.22319561131491
0	0	0	1.26486296878296	0.869593291038283	1.38023898279004	2.11095373838477	1.78619162478712	2.11095373838477	2.00269970046176	1.83580805875661	0	1.75236223790403	2.08614552131433	2.00269970046176
0	0.534937447257801	0.320962468568656	1.28384987427462	1.12336863999029	1.03166507746842	0.859720897890347	1.37555343662455	0.515832538734208	1.20360925704649	1.1110239294898	0	1.54749761620263	1.03166507746842	1.03166507746842
0	0.382966581495734	0.540658703579627	0.765933163459539	0.510622108973026	0.765933163459539	0.83556345123245	1.04445431404056	1.04445431404056	1.25334517684867	1.46223603965679	0	1.46223603965679	1.25334517684867	1.25334517684867
0	0	0.237967246614751	1.90373797291801	1.90373797291801	0.951868986459005	2.61763971276226	3.09357420599176	4.28341043906552	3.33154145260652	4.04544319245077	1.03119139816334	3.95977498349279	4.35391925305716	4.04544319245077
0	0	0	0.122018789687517	0.122018789687517	0	0.215327275947858	0.645981827843575	0.430654551895717	0.430654551895717	0.322990913921788	0	0.538318189869646	0.538318189869646	0.215327275947858
0	0.387175005641947	1.18430001764356	1.77645002646533	0.592150008821778	0.592150008821778	1.18430001764356	2.07252503087622	1.77645002646533	1.48037502205444	1.18430001764356	0	1.77645002646533	1.67775835842706	1.67775835842706
0	0	0	0	0.320796682169601	0.481195023254402	0.962390046508805	1.12278838759361	0.801991705424004	0.962390046508805	1.12278838759361	0	1.36873251049905	1.8820072019362	1.36873251049905
0	0	0	0	0.318309886183791	0.477464829275686	0.954929658551372	1.11408460164327	0.795774715459477	0.954929658551372	1.11408460164327	0	1.3581221809603	1.86741799882041	1.3581221809603
0	0	0	1.27271600873815	0.898387770873988	1.38400278211982	2.07600417317973	1.69155895592422	2.07600417317973	2.05464610549581	1.7385467046503	0	1.70693676451427	2.0320675768027	1.95078487373059
0	0	0	1.52447699061594	1.18570432603462	1.56931454911731	2.52834010691122	1.74368283235257	2.35397182367597	2.33547821780544	1.9761738766046	0	2.03792931018095	2.31582876156926	2.03792931018095
0	0.688651195329076	1.11905819347501	2.23811638695001	1.49207759130001	0.746038795650005	1.86509698912501	3.35717458042502	3.35717458042502	2.86478897542493	3.44325598022107	0.994718392334909	3.73019397825002	3.64730077918927	3.64730077918927
0	0.823129470274484	1.23469420680076	2.46938841360152	1.23469420680076	0.823129471200505	2.26360604580139	3.29251788480202	3.49830025260215	2.39455846175583	2.79365153871513	1.09750595625033	3.49830025260215	3.09884036237168	3.09884036237168
0	0	0.74875166397797	2.49583887992656	1.99667110394125	1.24791943996328	2.99500665591188	3.9933422078825	4.99167775985313	3.49417443189719	4.24292609587516	1.02953353426495	4.11813415173064	4.47111707947694	4.36037733743115
0	0	0.739708769507897	2.46569589835966	1.97255671868773	1.23284794917983	2.95883507803159	3.94511343737545	4.93139179671932	3.45197425770352	4.19168302721142	1.01709955450966	4.06839823215089	4.54703331859555	4.43825261704738
0	0	0.413360754928855	0.195802462872487	0.979012314362435	0.979012314362435	1.17481477723492	0.620041132393282	1.03340188732214	1.37061724010741	1.76222216585238	0	1.76222216585238	1.17481477723492	1.76222216585238
0	0	0	0	0.174075718992254	0.321370558166327	0.642741116332654	0.803426395415818	0.321370558166327	0.482055837249491	1.12479695358214	0	0.964111674498981	1.56668147093029	1.39260575193803
0	0	0	0.687549354156988	0.114591559026165	0.229183118052329	0.802140913183153	1.14591559026165	1.26050714928781	1.26050714928781	0.802140913183153	0	1.14591559026165	1.14591559026165	1.26050714928781
0	0	0.223811638685676	0.516488397013296	0.413190717610637	0.309893038207977	0.671434916168933	0.287757821215257	0.479596368692095	0.575515642430514	0.767354189907352	0	0.826381435221273	0.895246554858754	0.795774715430004
0	0.545851718407865	1.61733842614766	2.58774148183625	1.61733842614766	0.970403055688595	1.94080611137719	3.55814453752485	3.55814453752485	2.80723741121055	3.01159569029883	0.970403053532143	3.55814453752485	3.4934510008671	3.4934510008671
0	0	0	0	0	0	0.0251995326562168	0.0251995326562168	0.0755985979686503	0.0503990653124335	0.0503990653124335	0	0.0251995326562168	0.0269994992725894	0.0251995326562168
0	0	0	0	0	0	0.0251995326562168	0.0251995326562168	0.0755985979686503	0.0503990653124335	0.0503990653124335	0	0.0251995326562168	0.0269994992725894	0.0251995326562168
0.0431044637181346	0.0431044637181346	0.036946683196649	0.0646566956068362	0.172417854872538	0.0646566956068362	0.09404610273612	0.09404610273612	0.14106915410418	0.14106915410418	0.14106915410418	0	0.103450712999387	0.14106915410418	0.11755762842015
0.0431044637181346	0.0431044637181346	0.036946683196649	0.0646566956068362	0.172417854872538	0.0646566956068362	0.09404610273612	0.09404610273612	0.14106915410418	0.14106915410418	0.14106915410418	0	0.103450712999387	0.14106915410418	0.11755762842015
0.0431044637181346	0.0431044637181346	0.036946683196649	0.0646566956068362	0.172417854872538	0.0646566956068362	0.09404610273612	0.09404610273612	0.14106915410418	0.14106915410418	0.14106915410418	0	0.103450712999387	0.14106915410418	0.11755762842015
0	0	0.166891641649516	0.316215742095882	0.316215742095882	0.316215742095882	0.360485946103143	0.240323964068762	0.240323964068762	0.240323964068762	0.360485946103143	0	0.500674925122393	0.480647928137524	0.360485946103143
0	0	0.157060799045979	0.298415518207779	0.298415518207779	0.298415518207779	0.344325598035351	0.229550398690234	0.229550398690234	0.229550398690234	0.344325598035351	0	0.477464829256588	0.459100797380467	0.344325598035351
0	0	0.320404030053798	0.304383828571935	0.456575742857902	0.304383828571935	0.468282813328077	0.351212109996058	0.351212109996058	0.351212109996058	0.468282813328077	0	0.608767657302149	0.468282813328077	0.468282813328077
0.122350362434602	0	0.0789357177431578	1.26297148389052	1.10510004840421	1.38663744164192	2.03917270829694	1.54977125830567	1.7944719833013	2.02510944816756	1.77197076714661	0	1.74786232126837	2.01004166945862	1.83525543733178
0	0	0	0.784657274581734	0.0871841416201927	0.523104849721156	1.30776212430289	1.30776212430289	1.74368283240385	1.48213040754328	1.2205779826827	0	1.48213040754328	1.70669562075569	1.65649869078366
0	0	0	0	0	0	0.0238732414637843	0.0238732414637843	0.0716197243913529	0.0477464829275686	0.0477464829275686	0	0.0238732414637843	0.0255784729950847	0.0238732414637843
0	0.313888915437719	0.353125029985143	0.706250059970285	0.470833373313524	0.353125029985143	0.470833373313524	0.823958403298666	0.470833373313524	0.470833373313524	0.588541716641905	0	0.941666746627047	0.706250059970285	0.588541716641905
0	0	0	0	0	0.382583997817056	1.14775199345117	1.14775199345117	0.765167995634112	0.95645999454264	1.72162799017675	0	1.53033599126822	1.91291998908528	1.53033599126822
0.111408460103052	0	0.0718764259124688	1.1500228145995	0.934393536862095	1.18835690837987	1.63399074902233	1.18835690837987	1.63399074902233	1.76716867834676	1.45983499515602	0	1.5366684159537	1.78253536256981	1.5366684159537
0	0	0	0.575515642430514	0.0959192737384191	0.479596368692095	1.15103128486103	1.24695055859945	1.43878910607629	1.15103128486103	0.959192737384191	0	1.24695055859945	1.29313391257376	1.24695055859945
0	0	0	0.657155894056858	0.410722433785536	0.679061090502785	1.44300481731842	1.10347427206702	1.35812218100557	1.35812218100557	1.10347427206702	0	1.27323954469272	1.31714435653174	1.35812218100557
0	0.744617768614661	0.930772211765583	3.16462552000298	1.86154442353116	1.35134335925048	2.31658861585797	3.20758423720472	3.08878482114396	2.50963766717946	2.91890165572158	0	3.75287355735632	3.20758423720472	3.40805825203002
0	0	0.172417854993231	0.344835709986462	0.689671419972923	0.172417854993231	1.37934283994585	1.37934283994585	1.72417854993231	1.66260074444299	2.03206757654144	0.646566954209482	1.84733416049221	0.969850434405622	1.72417854993231
0	0	0	0.995855215346431	0.248963803836608	0.829879346122026	1.57677075763185	1.41079488840744	1.99171043069286	1.82573456146846	1.65975869224405	0	1.57677075763185	2.05029014918235	1.74274662685625
0	0	0.665040297843701	1.9951208935311	1.9951208935311	1.10840049640617	3.54688158849974	3.76856168778097	5.09864228346837	3.9902417870622	4.65528208490591	0.862089272207469	4.10760183948824	4.09492405629398	4.43360198562467
0	1.46555176714935	1.0991638257284	1.46555176763787	1.0991638257284	1.83193970954734	1.83193970954734	1.59878374636869	2.93110353527574	2.56471559336627	2.56471559336627	0	2.93110353527574	2.56471559336627	2.56471559336627
0	0	0.442649685419003	0.424943698021365	1.06235924505341	1.06235924505341	1.37713235480904	0.786932774176593	1.2257991289587	1.57386554835319	1.77059874189734	0	1.6343988386116	1.57386554835319	1.57386554835319
0	0	0.204794963465085	0.38683493101868	0.38683493101868	0.38683493101868	0.454110571321984	0.302740380881323	0.302740380881323	0.302740380881323	0.454110571321984	0	0.633002614541265	0.605480761762645	0.454110571321984
0	0.195883006822061	0.636619772327793	0.954929658491689	0.318309886163896	0.318309886163896	0.795774715409741	1.11408460157364	0.795774715409741	0.795774715409741	0.795774715409741	0	1.11408460157364	1.04855021331131	1.04855021331131
0	0	0	0	0	0	0.41778172551178	0.371361533839827	0.557042300682373	0.278521150341187	0.696302875852966	0	0.83556345102356	0.83556345102356	0.696302875852966
0	0	0	0	0	0	0.468938671476066	0.410321337607503	0.625251561968088	0.312625780984044	0.625251561968088	0	0.781564452460111	0.781564452460111	0.625251561968088
0	0	0.813679646448824	2.1698123905302	1.89858584171392	0.813679646448824	3.2547185857953	3.79717168342785	4.88207787869294	4.06839823224412	4.61085132987667	0.904088493663437	4.20868782629496	3.81412334299903	4.46211419036636
0	0	0.237903482602922	1.18951741301461	1.66532437822045	0.713710447808766	2.61693830863214	3.09274527383799	3.80645572164675	3.09274527383799	3.80645572164675	0.815669080898956	3.42581014964195	2.85484179149127	3.65419749295141
0	2.07697200361068	1.06511384984075	4.79301232428339	3.46162001198244	1.93850720662666	3.87701441325333	3.75008834597777	4.43087361514666	3.75008834597777	4.28581525183172	0	4.61549334889571	4.94517144442121	4.94517144442121
0	0	0	1.38237436285532	0.873078544961254	1.19834310089197	2.09710042656094	1.42303243230921	2.09710042656094	2.00631685824896	1.69765272621066	0	1.67112690230823	1.98943678846218	1.75070437384672
0	0	0	0	0	0	0.571252563434481	0.499845993085503	0.666461324114004	0.333230662057002	0.833076655142505	0	0.999691986171006	0.999691986171006	0.833076655142505
0	0.561463271088766	0.336877962877845	1.34751185151138	1.17907287007246	1.08282202345859	0.902351686215488	1.44376269794478	0.541411011729293	1.26329236070168	1.16611602516698	0	1.62423303518788	1.08282202345859	1.08282202345859
0	0	0	0.907680534820966	0.907680534820966	1.16183108449338	1.45228885561673	1.06501182745227	1.25865034153449	1.45228885550607	1.24481901900521	0	1.24481901900521	1.35546959857561	1.14108410075477
0.293441926252322	0	0	0	0.234753541060546	0.469507082121091	0.469507082121091	0.469507082121091	0.469507082121091	1.40852124636327	0.939014164242183	0	0.939014164242183	1.17376770530273	1.17376770530273
0	0	0	0	0	0.179049310927225	1.07429586556335	0.835563451065338	1.25334517669201	1.09667702960551	1.72334961795151	0	1.88001776503801	1.88001776503801	1.88001776503801
0	0.881473530699274	1.07429586580315	1.79049310967192	0.716197243868767	1.07429586580315	1.79049310967192	2.1485917316063	2.50669035354068	2.50669035354068	1.79049310967192	0	2.50669035354068	2.35923797995045	2.35923797995045
0	0.467517645215563	0.801458820512654	1.20218823076898	0.601094115384491	0.601094115384491	1.00182352564082	1.20218823076898	1.20218823076898	1.00182352564082	0.801458820512654	0	1.40255293589714	1.30904940693084	1.12204234879786
0.290955130267132	0	0	0	0.232764104271897	0.465528208543794	0.465528208543794	0.465528208543794	0.465528208543794	1.39658462563138	0.931056417087588	0	0.931056417087588	1.16382052135948	1.16382052135948
0	0.411150269462193	0.925088106629133	1.69599486215341	0.308362702209711	0.616725404419422	0.770906755524277	1.23345080883884	1.23345080883884	1.07926945773399	1.07926945773399	0	1.7131261231779	1.32155443811084	1.17471505609853
0	1.25334517643089	0.626672588424338	1.25334517684867	0.940008882636507	1.25334517684867	1.56668147106084	2.00535228282419	2.50669035369735	1.88001776527301	2.19335405948518	0	2.50669035369735	2.50669035369735	2.19335405948518
0	0	0.122507423275207	0.55420024821364	0.221680099285456	0.110840049642728	0.303605353398126	0.202403568932084	0.303605353398126	0.303605353398126	0.506008922330211	0	0.55420024821364	0.634811193439955	0.529009327866629
0	0	0.251464810065077	0.12089654330554	0.48358617322216	0.36268962991662	0.846275803138779	0.48358617322216	0.377197215097616	0.846275803138779	0.846275803138779	0	1.00585924026031	1.25732405032539	1.38305645535792
0	0.721170834532955	0.57693666862158	3.46162001172948	3.17315167741869	1.51825439101753	3.75008834604027	3.03650878203505	4.03855668035106	3.94746141664557	3.73311961973497	0	3.64381053844206	4.16676482840121	3.84624445698574
0	0.572345660250023	0.646999442541096	2.10274818825856	1.29399888508219	1.18371488913836	1.52191914317789	2.48016452949439	1.4172368739968	1.4172368739968	1.4880987176116	0	2.12585531099519	1.5943914832464	1.77154609249599
0	0	0	0.390653042134652	0.130217680711551	0.130217680711551	0.130217680711551	0.130217680711551	0.260435361423101	0.260435361423101	0.651088403557754	0	0.429718346305146	0.572957795073528	0.429718346305146
0	0.843521196868707	0.766837452869995	3.45076853791497	2.68393108504498	1.15025617930499	2.81173732748819	1.75733582968012	2.59544984099126	2.81173732748819	2.68393108504498	0	2.81173732748819	3.45076853791497	3.06734981147998
0.130556789148993	0.149207758988786	0.077366986219496	0.928403834633952	0.696302875975464	0.883769034855426	1.34286983228991	0.9698504344316	1.34286983228991	1.46997273817042	1.23787177951194	0	1.28548223251698	1.41747371186157	1.31523876573143
0	0.494517144359702	1.38464800483026	2.42313400845295	1.03848600362269	0.692324002415128	1.73081000603782	3.11545801086808	2.42313400845295	1.73081000603782	1.38464800483026	0	1.82190526941281	2.30774667483248	1.6483904820232
0.23149809893753	0	0	0.477464829275686	0.159154943091895	0.159154943091895	0.636619772367581	0.477464829275686	0.477464829275686	0.795774715459477	1.11408460164327	0	0.679061090480149	1.3581221809603	1.18835690834026
0.141250011881057	0.15694445761423	0.0882812574852505	0.617968802396754	0.847500071794843	0.753333397150971	0.997058908134694	0.74779418110102	0.830882423445578	1.14765634730826	0.971093832337756	0	0.941666746438714	0.997058908134694	0.882812574852505
0	0	0	0.0795774715291945	0	0.0839984421640563	0.0657379112770872	0.131475822554174	0.328689556385436	0.394427467662523	0.197213733831262	0	0.131475822554174	0.206177994450583	0.328689556385436
0	0	0	0.116653338970764	0.349960016912293	0.466613355883057	0.816573372795349	0.816573372795349	0.583266694853821	0.816573372795349	1.04988005073688	0	1.22208259868314	1.66814274711511	1.28318672855009
0	1.15955744111863	0.559786351525991	3.35871810915595	2.23914540610396	1.93259573733738	2.51237445853859	3.40709470716619	2.51237445853859	2.80584270001922	2.81385939318938	0	3.60751204288185	3.03031011574241	3.03031011574241
0	0	0	0	0.228020062698965	0.684060188096896	1.59614043889276	1.36812037619379	0.912080250795862	1.14010031349483	1.59614043889276	0	1.48213040741976	1.97617387655969	1.48213040741976
0.136418522611219	0	0	0.212206590789194	0.106103295394597	0.106103295394597	0.106103295394597	0.106103295394597	0.212206590789194	0.318309886183791	0.424413181578387	0	0.106103295394597	0.318309886183791	0.318309886183791
0	0	0	0.928403834702723	0.812353355364882	0.812353355364882	1.1605047933784	0.812353355364882	1.27655527271624	1.39260575205408	0.928403834702723	0	1.13940470612249	1.39260575192748	1.01280418321999
0.103892810027701	0	0.0719257915896065	0.935035290664885	0.935035290664885	1.12204234875298	1.49605646500397	1.19684517200318	1.42125364175378	1.55839215097827	1.32463332833153	0	1.40255293588045	1.57085928825417	1.32463332833153
0	0	0.676408508065399	2.48016452957313	2.25469502688466	1.3528170161308	2.93110353495006	3.38204254032699	4.73485955645779	3.2612553068733	4.28392055108086	1.52191913342377	3.98040391267628	4.3483404091644	4.50939005376932
0	0.727565452679248	0.536100860884689	3.21660516530814	2.68050430442345	1.34025215221172	3.8197186340145	2.94855473486579	4.3290144518831	3.3104228161459	3.48465559575048	0	3.0557749072116	3.75270602619283	3.48465559575048
0	1.29534439506383	0.699485974776962	3.96375385706945	2.33161991592321	1.39897194955392	3.3629133404239	3.49742987388481	4.48388445389853	3.45425172759045	3.88603319301752	0	3.49742987388481	3.96375385706945	3.64315611845393
0	1.39658462241924	1.1638205212431	3.95698977222655	2.56040514673482	1.62934872974034	3.25869745948069	4.33422814791336	4.88804618922103	3.82934494100028	4.4890220101564	0	4.33422814791336	4.57501860057521	4.73841212183176
0	1.2406851220759	1.13729469739711	3.63934303167074	2.27458939479421	1.36475363687653	2.95696621323248	4.00013997000361	4.54917878958842	3.74206642382649	4.23544232118029	2.27458937227578	4.23544232118029	4.321719850109	4.47074467235697
0	0	0	1.03734918265253	0.726144427856772	0.829879346122026	1.24481901918304	0.829879346122026	1.34855393744829	1.45228885571354	1.03734918265253	0	1.00543074618588	1.45228885560183	1.11714527353987
0	0.527965916743861	0.403738642354736	1.61495456941894	0.403738642354736	0.403738642354736	2.01869321177368	2.01869321177368	2.42243185412842	2.82617049648315	2.28785230681889	0	3.05046974242519	2.52867886557189	2.88991870351073
0	0.788540399577649	0.86739443985083	0.578262959900553	1.15652591980111	1.73478887970166	2.02392035965193	1.2391349139841	1.85870237097616	2.60218331955249	2.60218331955249	0	2.89131479950276	2.31305183960221	2.31305183960221
0	1.08424304927142	0.722828699875691	0.722828699875691	1.08424304981354	1.80707174968923	1.80707174968923	1.57708079958541	2.16848609962707	2.89131479950276	2.89131479950276	0	3.25272914944061	2.52990044956492	2.52990044956492
0	0.839542323298571	0.763220295073438	3.05288118029375	3.05288118029375	1.2593134867109	3.05288118029375	1.52644059014688	2.44866511362032	2.67127103275703	2.51862697342179	0	2.67127103275703	3.35816929789572	2.93839813565876
0	0.589179355505229	1.12637229932299	2.92856797823979	1.80219567891679	0.901097839458396	2.70329351837519	4.28021473742738	4.73076365715658	3.28257070098898	3.93908484118677	1.27655526590795	4.05494027756278	3.82966581793597	3.93908484118677
0	0.52388502013768	1.09142712698461	2.83771053015999	1.74628340317537	0.873141701587688	2.83771053015999	4.14742308254152	4.58399393333536	3.39817310898386	4.03533056691833	1.1226107540166	4.14742308254152	3.72234093856519	4.03533056691833
0	0	0	0	0	0	0.714388664884869	0.523885020967165	0.714388664884869	0.571510931907895	1.14302186381579	0	1.14302186381579	1.14302186381579	1.14302186381579
0	0	0	0	0	0	0	0	0	0	0	0	0	0	0
0	0	0	0	0	0	0	0	0	0	0	0	0	0	0
0.374677261674832	0	0	0	0	0.321151938647245	0.321151938647245	0.321151938647245	0.562015892723003	1.40503973180751	0.843023839084505	0	1.12403178544601	1.12403178544601	1.40503973180751
0	0	0.63219880167931	2.31806227282414	2.10732933893103	1.26439760335862	2.73952814061034	3.16099400839655	4.37676093452211	3.16099400839655	3.9390848410699	1.42244729499352	3.64146509735993	4.00392574396897	4.157922887796
0	1.24481901829388	0.726144427856772	0.726144427856772	1.08921664178516	1.45228885571354	1.81536106964193	1.9803938939748	2.5415054974987	2.5415054974987	2.5415054974987	0	3.26764992535548	2.90457771142709	2.17843328357032
0	0.672791348875104	1.1213189171704	3.1396929680771	2.46690161777487	1.34558270060447	3.1396929680771	4.62544053317457	5.08798458649203	3.36395675151118	4.39416850651584	1.85017619910442	4.05845104831966	4.62544053317457	4.77464829214078
0	0.672791348813941	0.925088106606006	3.23780837312102	2.31272026651501	1.38763215990901	3.00653634646952	4.53591587738742	5.01338070658609	3.23780837312102	4.39416850637853	1.85017619864187	4.29718346278808	4.70953945197294	4.85671255968153
0	0.548200359173284	0.32892021572325	1.315680862893	1.15122075503138	1.0572435504635	0.881036292052918	1.40965806728467	0.528621775231751	1.23345080887408	1.13856997732839	0	1.58586532569525	1.0572435504635	1.0572435504635
0.124671371980603	0.143851583013231	0.0719257915840738	0.791183707424812	0.719257915840738	0.897633878930574	1.24671372084034	0.900404353940245	1.24671372084034	1.29466424851333	1.07888687376111	0	1.19684517190743	1.31597559422036	1.22273845692925
0	0	0	0.985244885806971	1.18229386296837	1.24140855605471	1.75866212107751	1.24140855605471	1.75866212107751	1.85122328524244	1.30674584840643	0	1.60923331321651	1.96011877260964	1.37934283989987
0	0	0	1.50835480157546	1.08936735669339	1.46907472857186	2.41965249411836	1.55549088907609	2.33323633361413	2.23009446455103	1.87327935022286	0	1.9357219951616	2.21225370875612	1.9357219951616
0	0	0.261279364856939	0.261279364856939	1.04511745942776	0.261279364856939	2.09023491885551	1.82895555399857	2.35151428371245	2.23953741286752	2.87407301342633	1.56767618537921	2.87407301342633	1.38324369649672	2.69444345028927
0	0	0.277194859162945	0.277194859162945	1.10877943665178	0.277194859162945	2.21755887330356	1.94036401414062	2.49475373246651	2.37595593547874	3.0491434507924	1.66316915098607	3.0491434507924	1.46750219577571	2.85857198533227
0	0	0.246469113219287	0.246469113219287	0.98587645287715	0.246469113219287	1.9717529057543	2.21822201897359	2.71116024541216	2.34870566698732	2.95762935863145	1.47881467586516	2.95762935863145	1.7745776153859	2.5684676010745
0	0	0.225859588318494	0.225859588318494	0.903438353273976	0.225859588318494	2.03273629486644	2.03273629486644	2.48445547150343	2.39975812570754	2.93617464814042	1.53584519622925	2.93617464814042	1.61667915869048	2.34643016768438
0	0	0	0.32361505095352	0.16180752547676	0	0.485422576430281	1.13265267833732	0.647230101907041	0.809037627383801	0.485422576430281	0	0.970845152860562	0.970845152860562	0.809037627383801
0	0	0.114176372213135	0.218838046751356	0.328257070127034	0.218838046751356	0.765933163629746	0.437676093502712	0.437676093502712	0.656514140254068	0.656514140254068	0	0.83556345115649	0.95492965846456	0.83556345115649
0	0.633777718906972	0	3.54915523047605	2.36610348698403	1.5844442991914	2.21822201886796	1.70632462973905	0.950666579514839	2.38885448163467	1.61325237682426	0	2.38885448163467	2.21822201841903	2.21822201841903
0	0.662198244323896	0	3.7083101732995	2.47220678219967	1.65549561293823	2.47220678219967	1.65549561293823	1.23610339109983	2.64879298070117	1.54512923841125	0	2.31769385811353	2.13940971497013	2.13940971497013
0	0	0	0.886203660357772	0.126600522908253	0.506402091633012	1.39260575199078	1.39260575199078	1.8990078436238	2.02560836653205	1.77240732071554	0.928403828513364	1.77240732071554	1.64580679780729	1.93753843764046
0	0.733881125663872	0.366940563219262	1.83470281609631	1.46776225287705	1.16557590662411	0.971313255520089	1.65123253426881	0.777050604416071	1.85763660105241	1.54115036519555	0	2.27044473461961	1.54115036519555	1.54115036519555
0	0.800195685211812	0.400097843028231	2.00048921514116	1.60039137211293	1.27089903071665	0.847266020477764	2.02549533006317	1.0590825255972	1.80044029338948	1.44035223459756	0	2.25055036673685	1.44035223459756	1.44035223459756
0	0	0	0	0	0.324941341983482	0.649882683966965	0.649882683966965	0.835563450993718	1.3926057516562	1.3926057516562	0	1.67112690198744	1.67112690198744	1.3926057516562
0	0	0	0	0	0.344835709860022	0.689671419720044	0.689671419720044	0.886720396972925	1.47786732828821	1.47786732828821	0	1.77344079394585	1.77344079394585	1.47786732828821
0	1.13578754656996	0.720788251804166	4.324729510825	3.12341575781805	1.99898608491437	3.60394125902083	3.49822564860014	3.36367850841944	3.74809890921444	3.25921644246641	0	3.49822564860014	3.64398505044902	3.90426969690967
0	0	0	0	0	0	0	0	0	0	0	0	0	0	0
0	0.96717234499356	1.41955941167968	3.44750142836493	1.82514781501673	1.41955941167968	2.4335304200223	3.56241814251735	3.98152615928409	2.83911882335935	3.03492012129926	1.57165505163797	3.46848013862772	3.35286413413397	3.1433101257506
0	0	0.694494297044089	2.54647908916166	1.85198479211757	1.15749049507348	2.77797718817636	3.93546768324984	4.86146007930863	3.47247148522045	4.16696578226454	1.09134817652436	4.0584510482092	4.49378662808054	4.39846388127923
0	0	0.965587355495478	1.93117471099095	1.60931225915913	0.643724903663652	2.57489961465461	3.86234942198191	4.50607432564556	4.18421187381374	4.82793677747739	1.0013498477275	4.33918268377132	3.30445450572518	4.66145619912739
0	0	0.188092205455141	0	0.564276616365422	0.376184410910281	0.376184410910281	0.376184410910281	0.413802851956167	0.564276616365422	0.752368821820563	0	0.940461027275703	0.752368821820563	1.12855323273084
0	0.47746482893464	1.21536501986398	2.43073003972797	0.911523764897989	0.911523764897989	1.51920627482998	3.03841254965996	2.73457129469397	2.12688878476198	2.03441535943404	0	2.22816920296822	2.50669035369735	2.50669035369735
0	0	0	0.248679598534459	0.746038795603377	0.248679598534459	2.23811638681013	2.23811638681013	2.73547558387905	2.65258238415757	2.98415518241351	0.663145594779415	2.98415518241351	1.98943678853817	2.43153385265776
0	0.885299369399394	0	2.65589811185004	2.2132484265417	1.01177070907747	2.2132484265417	0.44264968530834	1.57386554800344	2.2132484265417	1.5176560636162	0	2.2132484265417	2.52942677269366	2.02354141815493
0	0	0.191206980210479	0.764827920841915	0.956034901052393	0.573620940631436	1.72086282189431	1.72086282189431	2.48569074273622	2.10327678231526	2.6319078450695	0.688345126669743	2.10327678231526	1.63029109452629	2.29448376252574
0	0	0	0.537147932935147	0	0	0	0	0	0	0.64457751939326	0	0	0	0
0	0	0	0.485990986941323	0	0	0	0	0	0	0.566989484670379	0	0	0	0
0	0	0	0.528621775269509	0	0	0	0	0	0.616725404378307	0	0	0	1.85017620881784	0
0	0	0	0.954929658551372	0	0	0	0	0	0.477464829275686	0	0	0	1.2732395426131	0
0	0	0	0.382966581814873	0	0	0	0	0	0.437676093440187	0	0	0	0.765933162863813	0.382966581814873
0	0	0	0	0	0	0	0	0	0.441654966903348	0	0	0	0.55206870843596	0.368045805838667
0	0	0	0	0	0	0	0	0	0.40072941011321	0	0	0	0.701276466946749	0.350638233911672
0	0	0	0.316779550192522	0	0	0	0	0	0.411813415126735	0	0	0	0.823626829182756	0.411813415126735
0	0	0	0.348151438013521	0	0	0	0	0	0.417781725532669	0	0	0	0.835563450062662	0.464201917196627
0	0	0	0.514766769062849	0	0	0	0	0	0.588304878844927	0	0	0	2.05906707007419	0
0	0	0	0	0	0	0	0	0	0	0.362077495461646	0	0	0	0
0	0	0	0	0	0	0	0	0	0	0.389929610497158	0	0	0	0
0	0	0	0.28846833435406	0	0	0	0	0	0	0.576936668131184	0	0	0	0
0	0	0	0.282500023988114	0	0	0	0	0	0	0	0	0	0	0
0	0	0	0.716197243913529	0	0	0	0	0	0	0	0	0	0	0
0	0	0	0.142102627760621	0	0	0	0	0	0.198943678785292	0	0	0.497359195918775	0	0.142102627760621
0	0	0	0	0	0	0	0	0	0.271060762351736	0	0	0	0.722828697948148	0.271060762351736
0	0	0	0	0	0	0	0	0	0.397887357559215	0	0	0	0.928403832536447	0.348151437926483
0	0	0	0	0	0	0	0	0	0.372308884573266	0	0	0	0.868720729016247	0.372308884573266
0	0	0	0	0	0	0	0	0	0.431044637253187	0	0	0	0.862089273069558	0.369466832019271
0	0	0	0	0	0	0	0	0	0.258626782265703	0	0	0.387940173010615	0	0.155176069483563
0	0	0	0	0	0	0	0	0	0.242711288069514	0	0	0.606778218717516	0	0.20225940677853
0	0	0	0.815669083345964	0	0	0	0	0	0	0	0	0	0	0
0	0	0	0	0	0	0	0	0	0.205575134621456	0	0	0.308362701623822	0	0.12334508087155
0	0	0	0.190417521199232	0	0	0	0	0	0	0.333230661848733	0	0	0	0
0	0	0	0	0	0	0	0	0	0.343177845612927	0	0	0.686355689681554	0	0.228785230580207
0	0	0	0	0	0	0	0	0	0.212206590647723	0	0	0.636619769821102	0	0.159154943052107
0	0	0	0	0	0	0	0	0	0.366624779465277	0	0	0	0.641593363376813	0.320796682089402
